biomass_0_0 = sparse(704, 704);
biomass_0_0(346, 322) = 2E-8;
biomass_0_0(347, 322) = 2E-8;
biomass_0_0(348, 322) = 2E-8;
biomass_0_0(349, 322) = 2E-8;
biomass_0_0(350, 322) = 2E-8;
biomass_0_0(351, 322) = 2E-8;
biomass_0_0(352, 322) = 2E-8;
biomass_0_0(353, 322) = 2E-8;
biomass_0_0(354, 322) = 2E-8;
biomass_0_0(355, 322) = 2E-8;
biomass_0_0(356, 322) = 2E-8;
biomass_0_0(357, 322) = 2E-8;
biomass_0_0(358, 322) = 2E-8;
biomass_0_0(359, 322) = 2E-8;
biomass_0_0(360, 322) = 2E-8;
biomass_0_0(342, 323) = 2E-8;
biomass_0_0(343, 323) = 2E-8;
biomass_0_0(344, 323) = 2E-8;
biomass_0_0(345, 323) = 2E-8;
biomass_0_0(346, 323) = 2E-8;
biomass_0_0(347, 323) = 2E-8;
biomass_0_0(348, 323) = 2E-8;
biomass_0_0(349, 323) = 2E-8;
biomass_0_0(350, 323) = 2E-8;
biomass_0_0(351, 323) = 2E-8;
biomass_0_0(352, 323) = 2E-8;
biomass_0_0(353, 323) = 2E-8;
biomass_0_0(354, 323) = 2E-8;
biomass_0_0(355, 323) = 2E-8;
biomass_0_0(356, 323) = 2E-8;
biomass_0_0(357, 323) = 2E-8;
biomass_0_0(358, 323) = 2E-8;
biomass_0_0(359, 323) = 2E-8;
biomass_0_0(360, 323) = 2E-8;
biomass_0_0(361, 323) = 2E-8;
biomass_0_0(362, 323) = 2E-8;
biomass_0_0(363, 323) = 2E-8;
biomass_0_0(364, 323) = 2E-8;
biomass_0_0(340, 324) = 2E-8;
biomass_0_0(341, 324) = 2E-8;
biomass_0_0(342, 324) = 2E-8;
biomass_0_0(343, 324) = 2E-8;
biomass_0_0(344, 324) = 2E-8;
biomass_0_0(345, 324) = 2E-8;
biomass_0_0(346, 324) = 2E-8;
biomass_0_0(347, 324) = 2E-8;
biomass_0_0(348, 324) = 2E-8;
biomass_0_0(349, 324) = 2E-8;
biomass_0_0(350, 324) = 2E-8;
biomass_0_0(351, 324) = 2E-8;
biomass_0_0(352, 324) = 2E-8;
biomass_0_0(353, 324) = 2E-8;
biomass_0_0(354, 324) = 2E-8;
biomass_0_0(355, 324) = 2E-8;
biomass_0_0(356, 324) = 2E-8;
biomass_0_0(357, 324) = 2E-8;
biomass_0_0(358, 324) = 2E-8;
biomass_0_0(359, 324) = 2E-8;
biomass_0_0(360, 324) = 2E-8;
biomass_0_0(361, 324) = 2E-8;
biomass_0_0(362, 324) = 2E-8;
biomass_0_0(363, 324) = 2E-8;
biomass_0_0(364, 324) = 2E-8;
biomass_0_0(365, 324) = 2E-8;
biomass_0_0(366, 324) = 2E-8;
biomass_0_0(338, 325) = 2E-8;
biomass_0_0(339, 325) = 2E-8;
biomass_0_0(340, 325) = 2E-8;
biomass_0_0(341, 325) = 2E-8;
biomass_0_0(342, 325) = 2E-8;
biomass_0_0(343, 325) = 2E-8;
biomass_0_0(344, 325) = 2E-8;
biomass_0_0(345, 325) = 2E-8;
biomass_0_0(346, 325) = 2E-8;
biomass_0_0(347, 325) = 2E-8;
biomass_0_0(348, 325) = 2E-8;
biomass_0_0(349, 325) = 2E-8;
biomass_0_0(350, 325) = 2E-8;
biomass_0_0(351, 325) = 2E-8;
biomass_0_0(352, 325) = 2E-8;
biomass_0_0(353, 325) = 2E-8;
biomass_0_0(354, 325) = 2E-8;
biomass_0_0(355, 325) = 2E-8;
biomass_0_0(356, 325) = 2E-8;
biomass_0_0(357, 325) = 2E-8;
biomass_0_0(358, 325) = 2E-8;
biomass_0_0(359, 325) = 2E-8;
biomass_0_0(360, 325) = 2E-8;
biomass_0_0(361, 325) = 2E-8;
biomass_0_0(362, 325) = 2E-8;
biomass_0_0(363, 325) = 2E-8;
biomass_0_0(364, 325) = 2E-8;
biomass_0_0(365, 325) = 2E-8;
biomass_0_0(366, 325) = 2E-8;
biomass_0_0(367, 325) = 2E-8;
biomass_0_0(368, 325) = 2E-8;
biomass_0_0(336, 326) = 2E-8;
biomass_0_0(337, 326) = 2E-8;
biomass_0_0(338, 326) = 2E-8;
biomass_0_0(339, 326) = 2E-8;
biomass_0_0(340, 326) = 2E-8;
biomass_0_0(341, 326) = 2E-8;
biomass_0_0(342, 326) = 2E-8;
biomass_0_0(343, 326) = 2E-8;
biomass_0_0(344, 326) = 2E-8;
biomass_0_0(345, 326) = 2E-8;
biomass_0_0(346, 326) = 2E-8;
biomass_0_0(347, 326) = 2E-8;
biomass_0_0(348, 326) = 2E-8;
biomass_0_0(349, 326) = 2E-8;
biomass_0_0(350, 326) = 2E-8;
biomass_0_0(351, 326) = 2E-8;
biomass_0_0(352, 326) = 2E-8;
biomass_0_0(353, 326) = 2E-8;
biomass_0_0(354, 326) = 2E-8;
biomass_0_0(355, 326) = 2E-8;
biomass_0_0(356, 326) = 2E-8;
biomass_0_0(357, 326) = 2E-8;
biomass_0_0(358, 326) = 2E-8;
biomass_0_0(359, 326) = 2E-8;
biomass_0_0(360, 326) = 2E-8;
biomass_0_0(361, 326) = 2E-8;
biomass_0_0(362, 326) = 2E-8;
biomass_0_0(363, 326) = 2E-8;
biomass_0_0(364, 326) = 2E-8;
biomass_0_0(365, 326) = 2E-8;
biomass_0_0(366, 326) = 2E-8;
biomass_0_0(367, 326) = 2E-8;
biomass_0_0(368, 326) = 2E-8;
biomass_0_0(369, 326) = 2E-8;
biomass_0_0(370, 326) = 2E-8;
biomass_0_0(335, 327) = 2E-8;
biomass_0_0(336, 327) = 2E-8;
biomass_0_0(337, 327) = 2E-8;
biomass_0_0(338, 327) = 2E-8;
biomass_0_0(339, 327) = 2E-8;
biomass_0_0(340, 327) = 2E-8;
biomass_0_0(341, 327) = 2E-8;
biomass_0_0(342, 327) = 2E-8;
biomass_0_0(343, 327) = 2E-8;
biomass_0_0(344, 327) = 2E-8;
biomass_0_0(345, 327) = 2E-8;
biomass_0_0(346, 327) = 2E-8;
biomass_0_0(347, 327) = 2E-8;
biomass_0_0(348, 327) = 2E-8;
biomass_0_0(349, 327) = 2E-8;
biomass_0_0(350, 327) = 2E-8;
biomass_0_0(351, 327) = 2E-8;
biomass_0_0(352, 327) = 2E-8;
biomass_0_0(353, 327) = 2E-8;
biomass_0_0(354, 327) = 2E-8;
biomass_0_0(355, 327) = 2E-8;
biomass_0_0(356, 327) = 2E-8;
biomass_0_0(357, 327) = 2E-8;
biomass_0_0(358, 327) = 2E-8;
biomass_0_0(359, 327) = 2E-8;
biomass_0_0(360, 327) = 2E-8;
biomass_0_0(361, 327) = 2E-8;
biomass_0_0(362, 327) = 2E-8;
biomass_0_0(363, 327) = 2E-8;
biomass_0_0(364, 327) = 2E-8;
biomass_0_0(365, 327) = 2E-8;
biomass_0_0(366, 327) = 2E-8;
biomass_0_0(367, 327) = 2E-8;
biomass_0_0(368, 327) = 2E-8;
biomass_0_0(369, 327) = 2E-8;
biomass_0_0(370, 327) = 2E-8;
biomass_0_0(371, 327) = 2E-8;
biomass_0_0(334, 328) = 2E-8;
biomass_0_0(335, 328) = 2E-8;
biomass_0_0(336, 328) = 2E-8;
biomass_0_0(337, 328) = 2E-8;
biomass_0_0(338, 328) = 2E-8;
biomass_0_0(339, 328) = 2E-8;
biomass_0_0(340, 328) = 2E-8;
biomass_0_0(341, 328) = 2E-8;
biomass_0_0(342, 328) = 2E-8;
biomass_0_0(343, 328) = 2E-8;
biomass_0_0(344, 328) = 2E-8;
biomass_0_0(345, 328) = 2E-8;
biomass_0_0(346, 328) = 2E-8;
biomass_0_0(347, 328) = 2E-8;
biomass_0_0(348, 328) = 2E-8;
biomass_0_0(349, 328) = 2E-8;
biomass_0_0(350, 328) = 2E-8;
biomass_0_0(351, 328) = 2E-8;
biomass_0_0(352, 328) = 2E-8;
biomass_0_0(353, 328) = 2E-8;
biomass_0_0(354, 328) = 2E-8;
biomass_0_0(355, 328) = 2E-8;
biomass_0_0(356, 328) = 2E-8;
biomass_0_0(357, 328) = 2E-8;
biomass_0_0(358, 328) = 2E-8;
biomass_0_0(359, 328) = 2E-8;
biomass_0_0(360, 328) = 2E-8;
biomass_0_0(361, 328) = 2E-8;
biomass_0_0(362, 328) = 2E-8;
biomass_0_0(363, 328) = 2E-8;
biomass_0_0(364, 328) = 2E-8;
biomass_0_0(365, 328) = 2E-8;
biomass_0_0(366, 328) = 2E-8;
biomass_0_0(367, 328) = 2E-8;
biomass_0_0(368, 328) = 2E-8;
biomass_0_0(369, 328) = 2E-8;
biomass_0_0(370, 328) = 2E-8;
biomass_0_0(371, 328) = 2E-8;
biomass_0_0(372, 328) = 2E-8;
biomass_0_0(332, 329) = 2E-8;
biomass_0_0(333, 329) = 2E-8;
biomass_0_0(334, 329) = 2E-8;
biomass_0_0(335, 329) = 2E-8;
biomass_0_0(336, 329) = 2E-8;
biomass_0_0(337, 329) = 2E-8;
biomass_0_0(338, 329) = 2E-8;
biomass_0_0(339, 329) = 2E-8;
biomass_0_0(340, 329) = 2E-8;
biomass_0_0(341, 329) = 2E-8;
biomass_0_0(342, 329) = 2E-8;
biomass_0_0(343, 329) = 2E-8;
biomass_0_0(344, 329) = 2E-8;
biomass_0_0(345, 329) = 2E-8;
biomass_0_0(346, 329) = 2E-8;
biomass_0_0(347, 329) = 2E-8;
biomass_0_0(348, 329) = 2E-8;
biomass_0_0(349, 329) = 2E-8;
biomass_0_0(350, 329) = 2E-8;
biomass_0_0(351, 329) = 2E-8;
biomass_0_0(352, 329) = 2E-8;
biomass_0_0(353, 329) = 2E-8;
biomass_0_0(354, 329) = 2E-8;
biomass_0_0(355, 329) = 2E-8;
biomass_0_0(356, 329) = 2E-8;
biomass_0_0(357, 329) = 2E-8;
biomass_0_0(358, 329) = 2E-8;
biomass_0_0(359, 329) = 2E-8;
biomass_0_0(360, 329) = 2E-8;
biomass_0_0(361, 329) = 2E-8;
biomass_0_0(362, 329) = 2E-8;
biomass_0_0(363, 329) = 2E-8;
biomass_0_0(364, 329) = 2E-8;
biomass_0_0(365, 329) = 2E-8;
biomass_0_0(366, 329) = 2E-8;
biomass_0_0(367, 329) = 2E-8;
biomass_0_0(368, 329) = 2E-8;
biomass_0_0(369, 329) = 2E-8;
biomass_0_0(370, 329) = 2E-8;
biomass_0_0(371, 329) = 2E-8;
biomass_0_0(372, 329) = 2E-8;
biomass_0_0(373, 329) = 2E-8;
biomass_0_0(374, 329) = 2E-8;
biomass_0_0(331, 330) = 2E-8;
biomass_0_0(332, 330) = 2E-8;
biomass_0_0(333, 330) = 2E-8;
biomass_0_0(334, 330) = 2E-8;
biomass_0_0(335, 330) = 2E-8;
biomass_0_0(336, 330) = 2E-8;
biomass_0_0(337, 330) = 2E-8;
biomass_0_0(338, 330) = 2E-8;
biomass_0_0(339, 330) = 2E-8;
biomass_0_0(340, 330) = 2E-8;
biomass_0_0(341, 330) = 2E-8;
biomass_0_0(342, 330) = 2E-8;
biomass_0_0(343, 330) = 2E-8;
biomass_0_0(344, 330) = 2E-8;
biomass_0_0(345, 330) = 2E-8;
