media_0 = 4.7E-7;
media_100 = 6.1289539431E-9;
media_200 = 3.6631130756E-9;
media_300 = 4.0319439774E-9;
media_400 = 4.4841762099E-9;
media_500 = 5.5373244343E-9;
media_600 = 5.2845359084E-9;
media_700 = 4.9918422399E-9;
media_800 = 3.5905598068E-9;
media_900 = 4.5793827232E-9;
media_1000 = 4.9498478464E-9;
media_1100 = 3.7972191032E-9;
media_1200 = 4.6031846054E-9;
media_1300 = 5.0896342353E-9;
media_1400 = 3.7463265157E-9;
media_1500 = 4.4060998286E-9;
media_1600 = 4.8444159436E-9;
media_1700 = 3.8035835596E-9;
media_1800 = 4.313023787E-9;
media_1900 = 4.4855364148E-9;
media_2000 = 4.6007082866E-9;
media_2100 = 4.7441615069E-9;
media_2200 = 4.3238984258E-9;
media_2300 = 4.2403017238E-9;
media_2400 = 4.5550791909E-9;
media_2500 = 3.8134815115E-9;
media_2600 = 4.1832357442E-9;
media_2700 = 4.6245169507E-9;
media_2800 = 4.6325166103E-9;
media_2900 = 4.6360157554E-9;
media_3000 = 3.9087562504E-9;
media_3100 = 4.6561915832E-9;
media_3200 = 4.4401333006E-9;
media_3300 = 4.145617449E-9;
media_3400 = 4.6721466683E-9;
media_3500 = 4.498497273E-9;
media_3600 = 3.8200157057E-9;
media_3700 = 3.7407651885E-9;
media_3800 = 3.851655467E-9;
media_3900 = 3.6675687548E-9;
media_4000 = 3.8377980657E-9;
media_4100 = 3.7706371069E-9;
media_4200 = 3.8192563692E-9;
media_4300 = 3.7766851047E-9;
media_4400 = 3.698644193E-9;
media_4500 = 3.7528232154E-9;
media_4600 = 3.7392487606E-9;
media_4700 = 3.723837619E-9;
media_4800 = 3.6847571061E-9;
media_4900 = 3.7788358497E-9;
media_5000 = 3.6379219787E-9;
