media_0 = 4.7E-7;
media_100 = 4.6989781963E-7;
media_200 = 4.6612417463E-7;
media_300 = 4.5589457175E-7;
media_400 = 4.4176472455E-7;
media_500 = 4.2581594285E-7;
media_600 = 4.0911735332E-7;
media_700 = 3.9216777844E-7;
media_800 = 3.7521117059E-7;
media_900 = 3.5838838006E-7;
media_1000 = 3.4178906054E-7;
media_1100 = 3.2547683733E-7;
media_1200 = 3.0949677543E-7;
media_1300 = 2.9389267341E-7;
media_1400 = 2.7870363275E-7;
media_1500 = 2.6396045145E-7;
media_1600 = 2.4968618086E-7;
media_1700 = 2.3590179956E-7;
media_1800 = 2.2262628492E-7;
media_1900 = 2.0987019049E-7;
media_2000 = 1.9764445598E-7;
media_2100 = 1.8595427863E-7;
media_2200 = 1.7480033159E-7;
media_2300 = 1.6418249583E-7;
media_2400 = 1.5410075653E-7;
media_2500 = 1.4454645077E-7;
media_2600 = 1.3551120954E-7;
media_2700 = 1.2697896072E-7;
media_2800 = 1.1894213639E-7;
media_2900 = 1.1138205791E-7;
media_3000 = 1.0428458697E-7;
media_3100 = 9.7628040081E-8;
media_3200 = 9.1395871921E-8;
media_3300 = 8.5570655257E-8;
media_3400 = 8.013271047E-8;
media_3500 = 7.5062041406E-8;
media_3600 = 7.0337195209E-8;
media_3700 = 6.593817802E-8;
media_3800 = 6.1844480261E-8;
media_3900 = 5.8037609956E-8;
media_4000 = 5.4498368815E-8;
media_4100 = 5.1208374958E-8;
media_4200 = 4.8150788631E-8;
media_4300 = 4.5310868985E-8;
media_4400 = 4.2674153486E-8;
media_4500 = 4.0226728595E-8;
media_4600 = 3.7955956679E-8;
media_4700 = 3.5848797144E-8;
media_4800 = 3.3893713798E-8;
media_4900 = 3.2080324062E-8;
media_5000 = 3.0398597052E-8;
