media_0  = 3E-7;
media_100  = 2.958305417E-7;
media_200  = 2.8233161109E-7;
media_300  = 2.6882968977E-7;
media_400  = 2.5623714218E-7;
media_500  = 2.4418255831E-7;
media_600  = 2.3244594907E-7;
media_700  = 2.2096247611E-7;
media_800  = 2.0970918814E-7;
media_900  = 1.9871704635E-7;
media_1000  = 1.8800411273E-7;
media_1100  = 1.7761466034E-7;
media_1200  = 1.6757426208E-7;
media_1300  = 1.579234052E-7;
media_1400  = 1.4867107032E-7;
media_1500  = 1.3983421768E-7;
media_1600  = 1.3143091123E-7;
media_1700  = 1.2345733768E-7;
media_1800  = 1.1591446849E-7;
media_1900  = 1.0877939225E-7;
media_2000  = 1.0206251535E-7;
media_2100  = 9.5764346794E-8;
media_2200  = 8.987159795E-8;
media_2300  = 8.4363041884E-8;
media_2400  = 7.9220422105E-8;
media_2500  = 7.4428537355E-8;
media_2600  = 6.9955519562E-8;
media_2700  = 6.5780913354E-8;
media_2800  = 6.188980601E-8;
media_2900  = 5.826409805E-8;
media_3000  = 5.4884937337E-8;
