biomass_2000_0 = sparse(352, 352);
biomass_2000_0(171, 156) = 1.3589420731E-7;
biomass_2000_0(172, 156) = 1.3386879875E-7;
biomass_2000_0(173, 156) = 1.3210743654E-7;
biomass_2000_0(174, 156) = 1.3037288241E-7;
biomass_2000_0(175, 156) = 1.2953337791E-7;
biomass_2000_0(176, 156) = 1.2879590854E-7;
biomass_2000_0(177, 156) = 1.2848559098E-7;
biomass_2000_0(178, 156) = 1.2867193383E-7;
biomass_2000_0(179, 156) = 1.2930574457E-7;
biomass_2000_0(180, 156) = 1.3021571944E-7;
biomass_2000_0(181, 156) = 1.3148926627E-7;
biomass_2000_0(182, 156) = 1.3302256573E-7;
biomass_2000_0(183, 156) = 1.3505556821E-7;
biomass_2000_0(168, 157) = 1.3602987616E-7;
biomass_2000_0(169, 157) = 1.3266620398E-7;
biomass_2000_0(170, 157) = 1.2967828407E-7;
biomass_2000_0(171, 157) = 1.2717959666E-7;
biomass_2000_0(172, 157) = 1.252210769E-7;
biomass_2000_0(173, 157) = 1.2352926726E-7;
biomass_2000_0(174, 157) = 1.2210069356E-7;
biomass_2000_0(175, 157) = 1.2113124525E-7;
biomass_2000_0(176, 157) = 1.2049468967E-7;
biomass_2000_0(177, 157) = 1.2015085165E-7;
biomass_2000_0(178, 157) = 1.2037149568E-7;
biomass_2000_0(179, 157) = 1.208823623E-7;
biomass_2000_0(180, 157) = 1.2183524794E-7;
biomass_2000_0(181, 157) = 1.2305663148E-7;
biomass_2000_0(182, 157) = 1.2449882161E-7;
biomass_2000_0(183, 157) = 1.2653336543E-7;
biomass_2000_0(184, 157) = 1.2883783672E-7;
biomass_2000_0(185, 157) = 1.3209846118E-7;
biomass_2000_0(186, 157) = 1.3510100299E-7;
biomass_2000_0(166, 158) = 1.3623696422E-7;
biomass_2000_0(167, 158) = 1.3176715037E-7;
biomass_2000_0(168, 158) = 1.28036532E-7;
biomass_2000_0(169, 158) = 1.2492765714E-7;
biomass_2000_0(170, 158) = 1.2194262349E-7;
biomass_2000_0(171, 158) = 1.1960566547E-7;
biomass_2000_0(172, 158) = 1.1768740108E-7;
biomass_2000_0(173, 158) = 1.1592690251E-7;
biomass_2000_0(174, 158) = 1.1471780417E-7;
biomass_2000_0(175, 158) = 1.136975831E-7;
biomass_2000_0(176, 158) = 1.1312182798E-7;
biomass_2000_0(177, 158) = 1.1286194644E-7;
biomass_2000_0(178, 158) = 1.1300925583E-7;
biomass_2000_0(179, 158) = 1.1344124807E-7;
biomass_2000_0(180, 158) = 1.1432356432E-7;
biomass_2000_0(181, 158) = 1.1554210174E-7;
biomass_2000_0(182, 158) = 1.1696947809E-7;
biomass_2000_0(183, 158) = 1.1902220015E-7;
biomass_2000_0(184, 158) = 1.2125159473E-7;
biomass_2000_0(185, 158) = 1.2384009257E-7;
biomass_2000_0(186, 158) = 1.2695321188E-7;
biomass_2000_0(187, 158) = 1.3072902008E-7;
biomass_2000_0(188, 158) = 1.3463248099E-7;
biomass_2000_0(165, 159) = 1.3298868659E-7;
biomass_2000_0(166, 159) = 1.2861698667E-7;
biomass_2000_0(167, 159) = 1.2431469009E-7;
biomass_2000_0(168, 159) = 1.2078544097E-7;
biomass_2000_0(169, 159) = 1.1767969916E-7;
biomass_2000_0(170, 159) = 1.1502186399E-7;
biomass_2000_0(171, 159) = 1.1271914957E-7;
biomass_2000_0(172, 159) = 1.1080796457E-7;
biomass_2000_0(173, 159) = 1.0930142033E-7;
biomass_2000_0(174, 159) = 1.0808075174E-7;
biomass_2000_0(175, 159) = 1.0713422664E-7;
biomass_2000_0(176, 159) = 1.0650212906E-7;
biomass_2000_0(177, 159) = 1.061641001E-7;
biomass_2000_0(178, 159) = 1.063294709E-7;
biomass_2000_0(179, 159) = 1.0698939096E-7;
biomass_2000_0(180, 159) = 1.0755428494E-7;
biomass_2000_0(181, 159) = 1.0896963188E-7;
biomass_2000_0(182, 159) = 1.1022588339E-7;
biomass_2000_0(183, 159) = 1.121192153E-7;
biomass_2000_0(184, 159) = 1.1434383129E-7;
biomass_2000_0(185, 159) = 1.169328102E-7;
biomass_2000_0(186, 159) = 1.2000305516E-7;
biomass_2000_0(187, 159) = 1.2334790265E-7;
biomass_2000_0(188, 159) = 1.276899536E-7;
biomass_2000_0(189, 159) = 1.3164508486E-7;
biomass_2000_0(164, 160) = 1.3107162052E-7;
biomass_2000_0(165, 160) = 1.2595680234E-7;
biomass_2000_0(166, 160) = 1.2156081368E-7;
biomass_2000_0(167, 160) = 1.1773536481E-7;
biomass_2000_0(168, 160) = 1.1427624595E-7;
biomass_2000_0(169, 160) = 1.1131974001E-7;
biomass_2000_0(170, 160) = 1.0882780203E-7;
biomass_2000_0(171, 160) = 1.0658618964E-7;
biomass_2000_0(172, 160) = 1.0466557279E-7;
biomass_2000_0(173, 160) = 1.0336403419E-7;
biomass_2000_0(174, 160) = 1.0200624322E-7;
biomass_2000_0(175, 160) = 1.011010861E-7;
biomass_2000_0(176, 160) = 1.0062911685E-7;
biomass_2000_0(177, 160) = 1.0033634384E-7;
biomass_2000_0(178, 160) = 1.0046758541E-7;
biomass_2000_0(179, 160) = 1.0097708501E-7;
biomass_2000_0(180, 160) = 1.0181457808E-7;
biomass_2000_0(181, 160) = 1.0287750158E-7;
biomass_2000_0(182, 160) = 1.0419995385E-7;
biomass_2000_0(183, 160) = 1.0600923426E-7;
biomass_2000_0(184, 160) = 1.0803383976E-7;
biomass_2000_0(185, 160) = 1.1062310049E-7;
biomass_2000_0(186, 160) = 1.1357091992E-7;
biomass_2000_0(187, 160) = 1.1688613514E-7;
biomass_2000_0(188, 160) = 1.2051612912E-7;
biomass_2000_0(189, 160) = 1.2482546712E-7;
biomass_2000_0(190, 160) = 1.296618612E-7;
biomass_2000_0(162, 161) = 1.3569180157E-7;
biomass_2000_0(163, 161) = 1.2952122326E-7;
biomass_2000_0(164, 161) = 1.2427448667E-7;
biomass_2000_0(165, 161) = 1.1961630304E-7;
biomass_2000_0(166, 161) = 1.1537451319E-7;
biomass_2000_0(167, 161) = 1.1169103201E-7;
biomass_2000_0(168, 161) = 1.0846214207E-7;
biomass_2000_0(169, 161) = 1.055451217E-7;
biomass_2000_0(170, 161) = 1.0310285266E-7;
biomass_2000_0(171, 161) = 1.0098221677E-7;
biomass_2000_0(172, 161) = 9.9136490841E-8;
biomass_2000_0(173, 161) = 9.7996389684E-8;
biomass_2000_0(174, 161) = 9.6611996644E-8;
biomass_2000_0(175, 161) = 9.5941917601E-8;
biomass_2000_0(176, 161) = 9.5474414677E-8;
biomass_2000_0(177, 161) = 9.5151147673E-8;
biomass_2000_0(178, 161) = 9.5253236128E-8;
biomass_2000_0(179, 161) = 9.5595030125E-8;
biomass_2000_0(180, 161) = 9.6423898626E-8;
biomass_2000_0(181, 161) = 9.7631778754E-8;
biomass_2000_0(182, 161) = 9.9247727281E-8;
biomass_2000_0(183, 161) = 1.0039849427E-7;
biomass_2000_0(184, 161) = 1.0244377809E-7;
biomass_2000_0(185, 161) = 1.0484606927E-7;
biomass_2000_0(186, 161) = 1.0784636667E-7;
biomass_2000_0(187, 161) = 1.1089873671E-7;
biomass_2000_0(188, 161) = 1.1449464861E-7;
biomass_2000_0(189, 161) = 1.1868531178E-7;
biomass_2000_0(190, 161) = 1.2321463622E-7;
biomass_2000_0(191, 161) = 1.2828699635E-7;
biomass_2000_0(192, 161) = 1.3469136295E-7;
biomass_2000_0(161, 162) = 1.360084383E-7;
biomass_2000_0(162, 162) = 1.2937471598E-7;
biomass_2000_0(163, 162) = 1.2349292351E-7;
biomass_2000_0(164, 162) = 1.1841441569E-7;
biomass_2000_0(165, 162) = 1.139583241E-7;
biomass_2000_0(166, 162) = 1.0974101278E-7;
biomass_2000_0(167, 162) = 1.0629112149E-7;
biomass_2000_0(168, 162) = 1.0297549272E-7;
biomass_2000_0(169, 162) = 1.0035270807E-7;
biomass_2000_0(170, 162) = 9.7913872674E-8;
biomass_2000_0(171, 162) = 9.6297148546E-8;
biomass_2000_0(172, 162) = 9.4368817069E-8;
biomass_2000_0(173, 162) = 9.3254719697E-8;
biomass_2000_0(174, 162) = 9.2299591725E-8;
biomass_2000_0(175, 162) = 9.3111120318E-8;
biomass_2000_0(176, 162) = 9.3739141257E-8;
biomass_2000_0(177, 162) = 9.045596575E-8;
biomass_2000_0(178, 162) = 9.0972464325E-8;
biomass_2000_0(179, 162) = 9.3873577589E-8;
biomass_2000_0(180, 162) = 9.3505461114E-8;
biomass_2000_0(181, 162) = 9.2512959933E-8;
biomass_2000_0(182, 162) = 9.4183323146E-8;
biomass_2000_0(183, 162) = 9.5649097856E-8;
biomass_2000_0(184, 162) = 9.8146747579E-8;
biomass_2000_0(185, 162) = 1.002190371E-7;
biomass_2000_0(186, 162) = 1.0301729952E-7;
biomass_2000_0(187, 162) = 1.0549040959E-7;
biomass_2000_0(188, 162) = 1.0900042385E-7;
biomass_2000_0(189, 162) = 1.1310848673E-7;
biomass_2000_0(190, 162) = 1.1755446128E-7;
biomass_2000_0(191, 162) = 1.2263654903E-7;
biomass_2000_0(192, 162) = 1.2792856114E-7;
biomass_2000_0(193, 162) = 1.3437480674E-7;
biomass_2000_0(161, 163) = 1.2996425726E-7;
biomass_2000_0(162, 163) = 1.2373984623E-7;
biomass_2000_0(163, 163) = 1.1798291236E-7;
biomass_2000_0(164, 163) = 1.1296732115E-7;
biomass_2000_0(165, 163) = 1.086537291E-7;
biomass_2000_0(166, 163) = 1.0462236582E-7;
biomass_2000_0(167, 163) = 1.0126785651E-7;
biomass_2000_0(168, 163) = 9.8650188418E-8;
biomass_2000_0(169, 163) = 9.5673803917E-8;
biomass_2000_0(170, 163) = 9.3709632607E-8;
