biomass_2000_0 = sparse(352, 352);
biomass_2000_0(171, 156) = 2.3407893075E-7;
biomass_2000_0(172, 156) = 2.324739403E-7;
biomass_2000_0(173, 156) = 2.2879690153E-7;
biomass_2000_0(174, 156) = 2.253855221E-7;
biomass_2000_0(175, 156) = 2.2457807465E-7;
biomass_2000_0(176, 156) = 2.2440210471E-7;
biomass_2000_0(177, 156) = 2.2232871972E-7;
biomass_2000_0(178, 156) = 2.2355480402E-7;
biomass_2000_0(179, 156) = 2.2488235098E-7;
biomass_2000_0(180, 156) = 2.2347945558E-7;
biomass_2000_0(181, 156) = 2.2825330347E-7;
biomass_2000_0(182, 156) = 2.3072517858E-7;
biomass_2000_0(183, 156) = 2.341164866E-7;
biomass_2000_0(168, 157) = 2.2322675537E-7;
biomass_2000_0(169, 157) = 2.1700155563E-7;
biomass_2000_0(170, 157) = 2.0852808114E-7;
biomass_2000_0(171, 157) = 2.0381578839E-7;
biomass_2000_0(172, 157) = 2.0045399913E-7;
biomass_2000_0(173, 157) = 1.9906365559E-7;
biomass_2000_0(174, 157) = 1.9720909073E-7;
biomass_2000_0(175, 157) = 1.9560204164E-7;
biomass_2000_0(176, 157) = 1.9475394817E-7;
biomass_2000_0(177, 157) = 1.9413391185E-7;
biomass_2000_0(178, 157) = 1.9413281903E-7;
biomass_2000_0(179, 157) = 1.9422298276E-7;
biomass_2000_0(180, 157) = 1.9671077747E-7;
biomass_2000_0(181, 157) = 1.9748423239E-7;
biomass_2000_0(182, 157) = 2.0082216581E-7;
biomass_2000_0(183, 157) = 2.0377140407E-7;
biomass_2000_0(184, 157) = 2.0741390925E-7;
biomass_2000_0(185, 157) = 2.1471745046E-7;
biomass_2000_0(186, 157) = 2.209430651E-7;
biomass_2000_0(166, 158) = 2.1800318968E-7;
biomass_2000_0(167, 158) = 2.0446489256E-7;
biomass_2000_0(168, 158) = 1.9549593747E-7;
biomass_2000_0(169, 158) = 1.8488334758E-7;
biomass_2000_0(170, 158) = 1.8036929592E-7;
biomass_2000_0(171, 158) = 1.7695897091E-7;
biomass_2000_0(172, 158) = 1.7443183388E-7;
biomass_2000_0(173, 158) = 1.7254203625E-7;
biomass_2000_0(174, 158) = 1.7067736983E-7;
biomass_2000_0(175, 158) = 1.6972045156E-7;
biomass_2000_0(176, 158) = 1.6896550486E-7;
biomass_2000_0(177, 158) = 1.6869948378E-7;
biomass_2000_0(178, 158) = 1.6926560001E-7;
biomass_2000_0(179, 158) = 1.6985220879E-7;
biomass_2000_0(180, 158) = 1.7035488636E-7;
biomass_2000_0(181, 158) = 1.7208066189E-7;
biomass_2000_0(182, 158) = 1.7398759046E-7;
biomass_2000_0(183, 158) = 1.7747571505E-7;
biomass_2000_0(184, 158) = 1.818513774E-7;
biomass_2000_0(185, 158) = 1.8678665098E-7;
biomass_2000_0(186, 158) = 1.9338117191E-7;
biomass_2000_0(187, 158) = 2.0786856391E-7;
biomass_2000_0(188, 158) = 2.147248353E-7;
biomass_2000_0(165, 159) = 2.0270294098E-7;
biomass_2000_0(166, 159) = 1.9097065204E-7;
biomass_2000_0(167, 159) = 1.7567871608E-7;
biomass_2000_0(168, 159) = 1.7022043733E-7;
biomass_2000_0(169, 159) = 1.6287742619E-7;
biomass_2000_0(170, 159) = 1.5829494219E-7;
biomass_2000_0(171, 159) = 1.5511554664E-7;
biomass_2000_0(172, 159) = 1.5331742736E-7;
biomass_2000_0(173, 159) = 1.5096788044E-7;
biomass_2000_0(174, 159) = 1.4937633922E-7;
biomass_2000_0(175, 159) = 1.4829882172E-7;
biomass_2000_0(176, 159) = 1.4737173086E-7;
biomass_2000_0(177, 159) = 1.4712918857E-7;
biomass_2000_0(178, 159) = 1.4763936744E-7;
biomass_2000_0(179, 159) = 1.4806835579E-7;
biomass_2000_0(180, 159) = 1.4880822092E-7;
biomass_2000_0(181, 159) = 1.5093059872E-7;
biomass_2000_0(182, 159) = 1.5311177066E-7;
biomass_2000_0(183, 159) = 1.5514909306E-7;
biomass_2000_0(184, 159) = 1.5931657763E-7;
biomass_2000_0(185, 159) = 1.6267324103E-7;
biomass_2000_0(186, 159) = 1.6874270049E-7;
biomass_2000_0(187, 159) = 1.795205145E-7;
biomass_2000_0(188, 159) = 1.9224632003E-7;
biomass_2000_0(189, 159) = 2.1022878604E-7;
biomass_2000_0(164, 160) = 1.9846851884E-7;
biomass_2000_0(165, 160) = 1.781817611E-7;
biomass_2000_0(166, 160) = 1.6839169445E-7;
biomass_2000_0(167, 160) = 1.5440524375E-7;
biomass_2000_0(168, 160) = 1.4819285534E-7;
biomass_2000_0(169, 160) = 1.4407096138E-7;
biomass_2000_0(170, 160) = 1.4008986224E-7;
biomass_2000_0(171, 160) = 1.3827289604E-7;
biomass_2000_0(172, 160) = 1.3566746545E-7;
biomass_2000_0(173, 160) = 1.3345584702E-7;
biomass_2000_0(174, 160) = 1.3175630809E-7;
biomass_2000_0(175, 160) = 1.2980249893E-7;
biomass_2000_0(176, 160) = 1.2948618266E-7;
biomass_2000_0(177, 160) = 1.3013145051E-7;
biomass_2000_0(178, 160) = 1.3012630845E-7;
biomass_2000_0(179, 160) = 1.3159662432E-7;
biomass_2000_0(180, 160) = 1.30999146E-7;
biomass_2000_0(181, 160) = 1.3351072642E-7;
biomass_2000_0(182, 160) = 1.3477491264E-7;
biomass_2000_0(183, 160) = 1.3729052616E-7;
biomass_2000_0(184, 160) = 1.3946390464E-7;
biomass_2000_0(185, 160) = 1.4290969587E-7;
biomass_2000_0(186, 160) = 1.4734577314E-7;
biomass_2000_0(187, 160) = 1.5305862436E-7;
biomass_2000_0(188, 160) = 1.7055028788E-7;
biomass_2000_0(189, 160) = 1.8177645289E-7;
biomass_2000_0(190, 160) = 2.0165825161E-7;
biomass_2000_0(162, 161) = 2.1219302944E-7;
biomass_2000_0(163, 161) = 1.9510858659E-7;
biomass_2000_0(164, 161) = 1.763258971E-7;
biomass_2000_0(165, 161) = 1.6036569007E-7;
biomass_2000_0(166, 161) = 1.4673348273E-7;
biomass_2000_0(167, 161) = 1.3700144389E-7;
biomass_2000_0(168, 161) = 1.3299017746E-7;
biomass_2000_0(169, 161) = 1.2833004975E-7;
biomass_2000_0(170, 161) = 1.247128058E-7;
biomass_2000_0(171, 161) = 1.226300435E-7;
biomass_2000_0(172, 161) = 1.2049166464E-7;
biomass_2000_0(173, 161) = 1.1989362623E-7;
biomass_2000_0(174, 161) = 1.176515655E-7;
biomass_2000_0(175, 161) = 1.169866484E-7;
biomass_2000_0(176, 161) = 1.1557244119E-7;
biomass_2000_0(177, 161) = 1.1570000932E-7;
biomass_2000_0(178, 161) = 1.1602801123E-7;
biomass_2000_0(179, 161) = 1.1568269799E-7;
biomass_2000_0(180, 161) = 1.1635022058E-7;
biomass_2000_0(181, 161) = 1.181896423E-7;
biomass_2000_0(182, 161) = 1.2016855619E-7;
biomass_2000_0(183, 161) = 1.2333549224E-7;
biomass_2000_0(184, 161) = 1.2494824815E-7;
biomass_2000_0(185, 161) = 1.2776483892E-7;
biomass_2000_0(186, 161) = 1.3116131871E-7;
biomass_2000_0(187, 161) = 1.3668383769E-7;
biomass_2000_0(188, 161) = 1.4465422745E-7;
biomass_2000_0(189, 161) = 1.6288873304E-7;
biomass_2000_0(190, 161) = 1.7374687123E-7;
biomass_2000_0(191, 161) = 1.9180322196E-7;
biomass_2000_0(192, 161) = 2.1488073487E-7;
biomass_2000_0(161, 162) = 2.0959441364E-7;
biomass_2000_0(162, 162) = 1.9300994515E-7;
biomass_2000_0(163, 162) = 1.7651487287E-7;
biomass_2000_0(164, 162) = 1.5718689611E-7;
biomass_2000_0(165, 162) = 1.4366866334E-7;
biomass_2000_0(166, 162) = 1.3157833281E-7;
biomass_2000_0(167, 162) = 1.2438101938E-7;
biomass_2000_0(168, 162) = 1.1932068614E-7;
biomass_2000_0(169, 162) = 1.1840040014E-7;
biomass_2000_0(170, 162) = 1.1391771743E-7;
biomass_2000_0(171, 162) = 1.1062360828E-7;
biomass_2000_0(172, 162) = 1.0846762071E-7;
biomass_2000_0(173, 162) = 1.0745515239E-7;
biomass_2000_0(174, 162) = 1.0685950123E-7;
biomass_2000_0(175, 162) = 1.070454192E-7;
biomass_2000_0(176, 162) = 1.0634780326E-7;
biomass_2000_0(177, 162) = 1.0429335673E-7;
biomass_2000_0(178, 162) = 1.0403178255E-7;
biomass_2000_0(179, 162) = 1.0496317084E-7;
biomass_2000_0(180, 162) = 1.0516204084E-7;
biomass_2000_0(181, 162) = 1.065915361E-7;
biomass_2000_0(182, 162) = 1.0851116602E-7;
biomass_2000_0(183, 162) = 1.1115100236E-7;
biomass_2000_0(184, 162) = 1.1236526384E-7;
biomass_2000_0(185, 162) = 1.1604708304E-7;
biomass_2000_0(186, 162) = 1.191828772E-7;
biomass_2000_0(187, 162) = 1.2292747349E-7;
biomass_2000_0(188, 162) = 1.2973813999E-7;
biomass_2000_0(189, 162) = 1.4020390874E-7;
biomass_2000_0(190, 162) = 1.597066755E-7;
biomass_2000_0(191, 162) = 1.6770979765E-7;
biomass_2000_0(192, 162) = 1.9393236516E-7;
biomass_2000_0(193, 162) = 2.1619976297E-7;
biomass_2000_0(161, 163) = 1.9615140324E-7;
biomass_2000_0(162, 163) = 1.7285220062E-7;
biomass_2000_0(163, 163) = 1.5192410523E-7;
biomass_2000_0(164, 163) = 1.379169122E-7;
biomass_2000_0(165, 163) = 1.2598283307E-7;
biomass_2000_0(166, 163) = 1.1958501932E-7;
biomass_2000_0(167, 163) = 1.133968962E-7;
biomass_2000_0(168, 163) = 1.0855453772E-7;
biomass_2000_0(169, 163) = 1.0735325039E-7;
biomass_2000_0(170, 163) = 1.0385645361E-7;
