biomass_2000_0 = sparse(352, 352);
biomass_2000_0(171, 156) = 1.7435784983E-7;
biomass_2000_0(172, 156) = 1.7207432282E-7;
biomass_2000_0(173, 156) = 1.6977008579E-7;
biomass_2000_0(174, 156) = 1.6835912606E-7;
biomass_2000_0(175, 156) = 1.6669135649E-7;
biomass_2000_0(176, 156) = 1.6613219029E-7;
biomass_2000_0(177, 156) = 1.6692144661E-7;
biomass_2000_0(178, 156) = 1.669250251E-7;
biomass_2000_0(179, 156) = 1.6711080517E-7;
biomass_2000_0(180, 156) = 1.6939615385E-7;
biomass_2000_0(181, 156) = 1.7107961556E-7;
biomass_2000_0(182, 156) = 1.739330557E-7;
biomass_2000_0(183, 156) = 1.7664579182E-7;
biomass_2000_0(168, 157) = 1.6977345351E-7;
biomass_2000_0(169, 157) = 1.6695757554E-7;
biomass_2000_0(170, 157) = 1.5888762144E-7;
biomass_2000_0(171, 157) = 1.5681577837E-7;
biomass_2000_0(172, 157) = 1.5468291814E-7;
biomass_2000_0(173, 157) = 1.5271627503E-7;
biomass_2000_0(174, 157) = 1.5141905271E-7;
biomass_2000_0(175, 157) = 1.508262287E-7;
biomass_2000_0(176, 157) = 1.5057976186E-7;
biomass_2000_0(177, 157) = 1.5017849017E-7;
biomass_2000_0(178, 157) = 1.503325877E-7;
biomass_2000_0(179, 157) = 1.5119594266E-7;
biomass_2000_0(180, 157) = 1.5256770297E-7;
biomass_2000_0(181, 157) = 1.5440439339E-7;
biomass_2000_0(182, 157) = 1.5669483213E-7;
biomass_2000_0(183, 157) = 1.5976403669E-7;
biomass_2000_0(184, 157) = 1.6390330258E-7;
biomass_2000_0(185, 157) = 1.6803560939E-7;
biomass_2000_0(186, 157) = 1.7454812359E-7;
biomass_2000_0(166, 158) = 1.702172557E-7;
biomass_2000_0(167, 158) = 1.5813483254E-7;
biomass_2000_0(168, 158) = 1.5205077021E-7;
biomass_2000_0(169, 158) = 1.4896550747E-7;
biomass_2000_0(170, 158) = 1.4456914723E-7;
biomass_2000_0(171, 158) = 1.4193212957E-7;
biomass_2000_0(172, 158) = 1.399354919E-7;
biomass_2000_0(173, 158) = 1.3818403355E-7;
biomass_2000_0(174, 158) = 1.3692539839E-7;
biomass_2000_0(175, 158) = 1.3636598883E-7;
biomass_2000_0(176, 158) = 1.3594324124E-7;
biomass_2000_0(177, 158) = 1.3629464666E-7;
biomass_2000_0(178, 158) = 1.3669598327E-7;
biomass_2000_0(179, 158) = 1.3698087195E-7;
biomass_2000_0(180, 158) = 1.3847793983E-7;
biomass_2000_0(181, 158) = 1.3999508779E-7;
biomass_2000_0(182, 158) = 1.4193384052E-7;
biomass_2000_0(183, 158) = 1.4537122265E-7;
biomass_2000_0(184, 158) = 1.4876469146E-7;
biomass_2000_0(185, 158) = 1.5274970841E-7;
biomass_2000_0(186, 158) = 1.5860317659E-7;
biomass_2000_0(187, 158) = 1.6367975227E-7;
biomass_2000_0(188, 158) = 1.7050551492E-7;
biomass_2000_0(165, 159) = 1.6168225975E-7;
biomass_2000_0(166, 159) = 1.5253406277E-7;
biomass_2000_0(167, 159) = 1.4599650178E-7;
biomass_2000_0(168, 159) = 1.385959459E-7;
biomass_2000_0(169, 159) = 1.3447711071E-7;
biomass_2000_0(170, 159) = 1.3165575806E-7;
biomass_2000_0(171, 159) = 1.292024761E-7;
biomass_2000_0(172, 159) = 1.2736157383E-7;
biomass_2000_0(173, 159) = 1.259082615E-7;
biomass_2000_0(174, 159) = 1.2489709376E-7;
biomass_2000_0(175, 159) = 1.2408480385E-7;
biomass_2000_0(176, 159) = 1.2387171306E-7;
biomass_2000_0(177, 159) = 1.2384352474E-7;
biomass_2000_0(178, 159) = 1.2430377185E-7;
biomass_2000_0(179, 159) = 1.2483294055E-7;
biomass_2000_0(180, 159) = 1.2589321864E-7;
biomass_2000_0(181, 159) = 1.2747395099E-7;
biomass_2000_0(182, 159) = 1.2964442375E-7;
biomass_2000_0(183, 159) = 1.3192424494E-7;
biomass_2000_0(184, 159) = 1.3539602165E-7;
biomass_2000_0(185, 159) = 1.3964206351E-7;
biomass_2000_0(186, 159) = 1.4428210338E-7;
biomass_2000_0(187, 159) = 1.5019205979E-7;
biomass_2000_0(188, 159) = 1.566087394E-7;
biomass_2000_0(189, 159) = 1.6505721945E-7;
biomass_2000_0(164, 160) = 1.5603739737E-7;
biomass_2000_0(165, 160) = 1.4717580996E-7;
biomass_2000_0(166, 160) = 1.3830274224E-7;
biomass_2000_0(167, 160) = 1.315532657E-7;
biomass_2000_0(168, 160) = 1.2675747821E-7;
biomass_2000_0(169, 160) = 1.2309429407E-7;
biomass_2000_0(170, 160) = 1.2024452253E-7;
biomass_2000_0(171, 160) = 1.1815125223E-7;
biomass_2000_0(172, 160) = 1.1652963166E-7;
biomass_2000_0(173, 160) = 1.1525157264E-7;
biomass_2000_0(174, 160) = 1.1393682748E-7;
biomass_2000_0(175, 160) = 1.1344304875E-7;
biomass_2000_0(176, 160) = 1.1366024987E-7;
biomass_2000_0(177, 160) = 1.1303348189E-7;
biomass_2000_0(178, 160) = 1.1342586519E-7;
biomass_2000_0(179, 160) = 1.1356934076E-7;
biomass_2000_0(180, 160) = 1.1480696454E-7;
biomass_2000_0(181, 160) = 1.1625843357E-7;
biomass_2000_0(182, 160) = 1.1846305217E-7;
biomass_2000_0(183, 160) = 1.208878516E-7;
biomass_2000_0(184, 160) = 1.2393213287E-7;
biomass_2000_0(185, 160) = 1.2758913369E-7;
biomass_2000_0(186, 160) = 1.3211689492E-7;
biomass_2000_0(187, 160) = 1.3741216941E-7;
biomass_2000_0(188, 160) = 1.430286198E-7;
biomass_2000_0(189, 160) = 1.5055808597E-7;
biomass_2000_0(190, 160) = 1.603384983E-7;
biomass_2000_0(162, 161) = 1.6397569888E-7;
biomass_2000_0(163, 161) = 1.5476929566E-7;
biomass_2000_0(164, 161) = 1.4437868149E-7;
biomass_2000_0(165, 161) = 1.3554176927E-7;
biomass_2000_0(166, 161) = 1.2608960937E-7;
biomass_2000_0(167, 161) = 1.2123157768E-7;
biomass_2000_0(168, 161) = 1.1700554751E-7;
biomass_2000_0(169, 161) = 1.1360002541E-7;
biomass_2000_0(170, 161) = 1.1095488421E-7;
biomass_2000_0(171, 161) = 1.0918493155E-7;
biomass_2000_0(172, 161) = 1.0765470985E-7;
biomass_2000_0(173, 161) = 1.0690047782E-7;
biomass_2000_0(174, 161) = 1.0536697875E-7;
biomass_2000_0(175, 161) = 1.0469180581E-7;
biomass_2000_0(176, 161) = 1.0400277441E-7;
biomass_2000_0(177, 161) = 1.0413807516E-7;
biomass_2000_0(178, 161) = 1.0492225279E-7;
biomass_2000_0(179, 161) = 1.0529637392E-7;
biomass_2000_0(180, 161) = 1.0580404966E-7;
biomass_2000_0(181, 161) = 1.0710884376E-7;
biomass_2000_0(182, 161) = 1.0877233105E-7;
biomass_2000_0(183, 161) = 1.1179211761E-7;
biomass_2000_0(184, 161) = 1.1393604243E-7;
biomass_2000_0(185, 161) = 1.1735894132E-7;
biomass_2000_0(186, 161) = 1.2134962648E-7;
biomass_2000_0(187, 161) = 1.2682071571E-7;
biomass_2000_0(188, 161) = 1.3218694891E-7;
biomass_2000_0(189, 161) = 1.3842929693E-7;
biomass_2000_0(190, 161) = 1.4624524335E-7;
biomass_2000_0(191, 161) = 1.5631389529E-7;
biomass_2000_0(192, 161) = 1.692819465E-7;
biomass_2000_0(161, 162) = 1.6724916583E-7;
biomass_2000_0(162, 162) = 1.5389364867E-7;
biomass_2000_0(163, 162) = 1.4177322075E-7;
biomass_2000_0(164, 162) = 1.3197116203E-7;
biomass_2000_0(165, 162) = 1.2401404214E-7;
biomass_2000_0(166, 162) = 1.182657131E-7;
biomass_2000_0(167, 162) = 1.1259647531E-7;
biomass_2000_0(168, 162) = 1.0818149607E-7;
biomass_2000_0(169, 162) = 1.0624793189E-7;
biomass_2000_0(170, 162) = 1.0304767827E-7;
biomass_2000_0(171, 162) = 1.011740253E-7;
biomass_2000_0(172, 162) = 1.009493065E-7;
biomass_2000_0(173, 162) = 9.8056290991E-8;
biomass_2000_0(174, 162) = 9.7555326481E-8;
biomass_2000_0(175, 162) = 9.7471988187E-8;
biomass_2000_0(176, 162) = 9.6300355522E-8;
biomass_2000_0(177, 162) = 9.681465531E-8;
biomass_2000_0(178, 162) = 9.7284444749E-8;
biomass_2000_0(179, 162) = 9.7021268099E-8;
biomass_2000_0(180, 162) = 9.8797433586E-8;
biomass_2000_0(181, 162) = 9.8950755114E-8;
biomass_2000_0(182, 162) = 1.007302778E-7;
biomass_2000_0(183, 162) = 1.0357954768E-7;
biomass_2000_0(184, 162) = 1.0549919516E-7;
biomass_2000_0(185, 162) = 1.0823249782E-7;
biomass_2000_0(186, 162) = 1.1203778996E-7;
biomass_2000_0(187, 162) = 1.1652349403E-7;
biomass_2000_0(188, 162) = 1.2172064724E-7;
biomass_2000_0(189, 162) = 1.2797382411E-7;
biomass_2000_0(190, 162) = 1.3578023283E-7;
biomass_2000_0(191, 162) = 1.4453718289E-7;
biomass_2000_0(192, 162) = 1.5610848082E-7;
biomass_2000_0(193, 162) = 1.6828234888E-7;
biomass_2000_0(161, 163) = 1.5482624356E-7;
biomass_2000_0(162, 163) = 1.4199245071E-7;
biomass_2000_0(163, 163) = 1.3151348257E-7;
biomass_2000_0(164, 163) = 1.2251674517E-7;
biomass_2000_0(165, 163) = 1.1492829965E-7;
biomass_2000_0(166, 163) = 1.0954543213E-7;
biomass_2000_0(167, 163) = 1.0554660669E-7;
biomass_2000_0(168, 163) = 1.0168099111E-7;
biomass_2000_0(169, 163) = 9.9645430932E-8;
biomass_2000_0(170, 163) = 9.6494009491E-8;
