biomass_5000_0 = sparse(352, 352);
biomass_5000_0(171, 156) = 2.3407873953E-7;
biomass_5000_0(172, 156) = 2.3247340562E-7;
biomass_5000_0(173, 156) = 2.2879639258E-7;
biomass_5000_0(174, 156) = 2.2538490249E-7;
biomass_5000_0(175, 156) = 2.2457734361E-7;
biomass_5000_0(176, 156) = 2.2440120299E-7;
biomass_5000_0(177, 156) = 2.2233248431E-7;
biomass_5000_0(178, 156) = 2.235536997E-7;
biomass_5000_0(179, 156) = 2.2488104551E-7;
biomass_5000_0(180, 156) = 2.2348459311E-7;
biomass_5000_0(181, 156) = 2.2825249433E-7;
biomass_5000_0(182, 156) = 2.3072482884E-7;
biomass_5000_0(183, 156) = 2.3411629147E-7;
biomass_5000_0(168, 157) = 2.2322673048E-7;
biomass_5000_0(169, 157) = 2.1700008552E-7;
biomass_5000_0(170, 157) = 2.085276492E-7;
biomass_5000_0(171, 157) = 2.0386429444E-7;
biomass_5000_0(172, 157) = 2.0060525245E-7;
biomass_5000_0(173, 157) = 1.9921835E-7;
biomass_5000_0(174, 157) = 1.9740878325E-7;
biomass_5000_0(175, 157) = 1.9583208326E-7;
biomass_5000_0(176, 157) = 1.9503238651E-7;
biomass_5000_0(177, 157) = 1.9445704482E-7;
biomass_5000_0(178, 157) = 1.9447899707E-7;
biomass_5000_0(179, 157) = 1.9461635076E-7;
biomass_5000_0(180, 157) = 1.9691360581E-7;
biomass_5000_0(181, 157) = 1.9772436592E-7;
biomass_5000_0(182, 157) = 2.0092692846E-7;
biomass_5000_0(183, 157) = 2.0381851631E-7;
biomass_5000_0(184, 157) = 2.0741840165E-7;
biomass_5000_0(185, 157) = 2.1471705891E-7;
biomass_5000_0(186, 157) = 2.209430217E-7;
biomass_5000_0(166, 158) = 2.1800318968E-7;
biomass_5000_0(167, 158) = 2.0446458924E-7;
biomass_5000_0(168, 158) = 1.9549392058E-7;
biomass_5000_0(169, 158) = 1.85305628E-7;
biomass_5000_0(170, 158) = 1.812901462E-7;
biomass_5000_0(171, 158) = 1.782565512E-7;
biomass_5000_0(172, 158) = 1.7588249608E-7;
biomass_5000_0(173, 158) = 1.7410874339E-7;
biomass_5000_0(174, 158) = 1.7243092545E-7;
biomass_5000_0(175, 158) = 1.7150613564E-7;
biomass_5000_0(176, 158) = 1.7076854157E-7;
biomass_5000_0(177, 158) = 1.7052509388E-7;
biomass_5000_0(178, 158) = 1.7096074378E-7;
biomass_5000_0(179, 158) = 1.7145420152E-7;
biomass_5000_0(180, 158) = 1.7210730129E-7;
biomass_5000_0(181, 158) = 1.7364448124E-7;
biomass_5000_0(182, 158) = 1.7537905744E-7;
biomass_5000_0(183, 158) = 1.7845844448E-7;
biomass_5000_0(184, 158) = 1.8232948543E-7;
biomass_5000_0(185, 158) = 1.8691273057E-7;
biomass_5000_0(186, 158) = 1.9338097538E-7;
biomass_5000_0(187, 158) = 2.0786856679E-7;
biomass_5000_0(188, 158) = 2.147248353E-7;
biomass_5000_0(165, 159) = 2.0270294098E-7;
biomass_5000_0(166, 159) = 1.909704839E-7;
biomass_5000_0(167, 159) = 1.7577494091E-7;
biomass_5000_0(168, 159) = 1.7078019656E-7;
biomass_5000_0(169, 159) = 1.6493771546E-7;
biomass_5000_0(170, 159) = 1.6128407457E-7;
biomass_5000_0(171, 159) = 1.586070482E-7;
biomass_5000_0(172, 159) = 1.5678084497E-7;
biomass_5000_0(173, 159) = 1.548176026E-7;
biomass_5000_0(174, 159) = 1.533235585E-7;
biomass_5000_0(175, 159) = 1.5238681378E-7;
biomass_5000_0(176, 159) = 1.5158259853E-7;
biomass_5000_0(177, 159) = 1.5140726338E-7;
biomass_5000_0(178, 159) = 1.5170484736E-7;
biomass_5000_0(179, 159) = 1.5221712824E-7;
biomass_5000_0(180, 159) = 1.5298320663E-7;
biomass_5000_0(181, 159) = 1.5463846921E-7;
biomass_5000_0(182, 159) = 1.565237391E-7;
biomass_5000_0(183, 159) = 1.5842306565E-7;
biomass_5000_0(184, 159) = 1.6166024165E-7;
biomass_5000_0(185, 159) = 1.6458788757E-7;
biomass_5000_0(186, 159) = 1.6947682077E-7;
biomass_5000_0(187, 159) = 1.7951179104E-7;
biomass_5000_0(188, 159) = 1.922463186E-7;
biomass_5000_0(189, 159) = 2.1022878604E-7;
biomass_5000_0(164, 160) = 1.9846849997E-7;
biomass_5000_0(165, 160) = 1.7818168142E-7;
biomass_5000_0(166, 160) = 1.6838025241E-7;
biomass_5000_0(167, 160) = 1.5711157811E-7;
biomass_5000_0(168, 160) = 1.5250481054E-7;
biomass_5000_0(169, 160) = 1.4907388564E-7;
biomass_5000_0(170, 160) = 1.4584345674E-7;
biomass_5000_0(171, 160) = 1.4369915381E-7;
biomass_5000_0(172, 160) = 1.4142358188E-7;
biomass_5000_0(173, 160) = 1.3956030396E-7;
biomass_5000_0(174, 160) = 1.3816540102E-7;
biomass_5000_0(175, 160) = 1.3690796001E-7;
biomass_5000_0(176, 160) = 1.3649362384E-7;
biomass_5000_0(177, 160) = 1.3658156117E-7;
biomass_5000_0(178, 160) = 1.3664271229E-7;
biomass_5000_0(179, 160) = 1.3753555033E-7;
biomass_5000_0(180, 160) = 1.3788898106E-7;
biomass_5000_0(181, 160) = 1.395612176E-7;
biomass_5000_0(182, 160) = 1.4099810299E-7;
biomass_5000_0(183, 160) = 1.4325455864E-7;
biomass_5000_0(184, 160) = 1.4553521402E-7;
biomass_5000_0(185, 160) = 1.4847938382E-7;
biomass_5000_0(186, 160) = 1.5211568053E-7;
biomass_5000_0(187, 160) = 1.5639472167E-7;
biomass_5000_0(188, 160) = 1.7053215073E-7;
biomass_5000_0(189, 160) = 1.8177644881E-7;
biomass_5000_0(190, 160) = 2.0165824688E-7;
biomass_5000_0(162, 161) = 2.1219302944E-7;
biomass_5000_0(163, 161) = 1.9510857154E-7;
biomass_5000_0(164, 161) = 1.7632562691E-7;
biomass_5000_0(165, 161) = 1.6039734945E-7;
biomass_5000_0(166, 161) = 1.5033764871E-7;
biomass_5000_0(167, 161) = 1.4454509341E-7;
biomass_5000_0(168, 161) = 1.4054716229E-7;
biomass_5000_0(169, 161) = 1.3690656573E-7;
biomass_5000_0(170, 161) = 1.3365155702E-7;
biomass_5000_0(171, 161) = 1.3121302913E-7;
biomass_5000_0(172, 161) = 1.2908892593E-7;
biomass_5000_0(173, 161) = 1.2759546935E-7;
biomass_5000_0(174, 161) = 1.2608214682E-7;
biomass_5000_0(175, 161) = 1.2522839025E-7;
biomass_5000_0(176, 161) = 1.2449215244E-7;
biomass_5000_0(177, 161) = 1.2440127628E-7;
biomass_5000_0(178, 161) = 1.2457196391E-7;
biomass_5000_0(179, 161) = 1.2477582129E-7;
biomass_5000_0(180, 161) = 1.2570098565E-7;
biomass_5000_0(181, 161) = 1.2707369279E-7;
biomass_5000_0(182, 161) = 1.2883469172E-7;
biomass_5000_0(183, 161) = 1.3121669462E-7;
biomass_5000_0(184, 161) = 1.3357111184E-7;
biomass_5000_0(185, 161) = 1.3655482645E-7;
biomass_5000_0(186, 161) = 1.4007904055E-7;
biomass_5000_0(187, 161) = 1.4434857954E-7;
biomass_5000_0(188, 161) = 1.4957431742E-7;
biomass_5000_0(189, 161) = 1.6287048857E-7;
biomass_5000_0(190, 161) = 1.7374686465E-7;
biomass_5000_0(191, 161) = 1.9180321983E-7;
biomass_5000_0(192, 161) = 2.1488073487E-7;
biomass_5000_0(161, 162) = 2.0959441364E-7;
biomass_5000_0(162, 162) = 1.9300994515E-7;
biomass_5000_0(163, 162) = 1.7651118396E-7;
biomass_5000_0(164, 162) = 1.5726866248E-7;
biomass_5000_0(165, 162) = 1.4684592685E-7;
biomass_5000_0(166, 162) = 1.3996141763E-7;
biomass_5000_0(167, 162) = 1.3483197406E-7;
biomass_5000_0(168, 162) = 1.3056797027E-7;
biomass_5000_0(169, 162) = 1.2736083056E-7;
biomass_5000_0(170, 162) = 1.239803105E-7;
biomass_5000_0(171, 162) = 1.2121909211E-7;
biomass_5000_0(172, 162) = 1.1905382745E-7;
biomass_5000_0(173, 162) = 1.1738113614E-7;
biomass_5000_0(174, 162) = 1.1626544546E-7;
biomass_5000_0(175, 162) = 1.1553918778E-7;
biomass_5000_0(176, 162) = 1.1493561932E-7;
biomass_5000_0(177, 162) = 1.144236717E-7;
biomass_5000_0(178, 162) = 1.1438067121E-7;
biomass_5000_0(179, 162) = 1.1500925807E-7;
biomass_5000_0(180, 162) = 1.15787967E-7;
biomass_5000_0(181, 162) = 1.1715778703E-7;
biomass_5000_0(182, 162) = 1.18883243E-7;
biomass_5000_0(183, 162) = 1.2115119933E-7;
biomass_5000_0(184, 162) = 1.2354175145E-7;
biomass_5000_0(185, 162) = 1.2685502463E-7;
biomass_5000_0(186, 162) = 1.3034847338E-7;
biomass_5000_0(187, 162) = 1.3449943425E-7;
biomass_5000_0(188, 162) = 1.3953597265E-7;
biomass_5000_0(189, 162) = 1.4572339479E-7;
biomass_5000_0(190, 162) = 1.5968304951E-7;
biomass_5000_0(191, 162) = 1.6770910131E-7;
biomass_5000_0(192, 162) = 1.9393236516E-7;
biomass_5000_0(193, 162) = 2.1619976297E-7;
biomass_5000_0(161, 163) = 1.961513125E-7;
biomass_5000_0(162, 163) = 1.7284894459E-7;
biomass_5000_0(163, 163) = 1.5326263364E-7;
biomass_5000_0(164, 163) = 1.4397962041E-7;
biomass_5000_0(165, 163) = 1.3698102942E-7;
biomass_5000_0(166, 163) = 1.3133982404E-7;
biomass_5000_0(167, 163) = 1.2630561041E-7;
biomass_5000_0(168, 163) = 1.2199033559E-7;
biomass_5000_0(169, 163) = 1.1862505145E-7;
biomass_5000_0(170, 163) = 1.1537915997E-7;
