biomass_500_0 = sparse(352, 352);
biomass_500_0(172, 162) = 8.4088211897E-7;
biomass_500_0(173, 162) = 8.0418026088E-7;
biomass_500_0(174, 162) = 7.7086977151E-7;
biomass_500_0(175, 162) = 7.675453872E-7;
biomass_500_0(176, 162) = 7.4472479212E-7;
biomass_500_0(177, 162) = 7.146811914E-7;
biomass_500_0(178, 162) = 6.9637499245E-7;
biomass_500_0(179, 162) = 7.1645583626E-7;
biomass_500_0(180, 162) = 8.0796530428E-7;
biomass_500_0(181, 162) = 7.9465938143E-7;
biomass_500_0(182, 162) = 8.2422731899E-7;
biomass_500_0(170, 163) = 8.139057273E-7;
biomass_500_0(171, 163) = 7.7222135496E-7;
biomass_500_0(172, 163) = 7.1431500865E-7;
biomass_500_0(173, 163) = 6.7387967917E-7;
biomass_500_0(174, 163) = 6.4339453222E-7;
biomass_500_0(175, 163) = 6.2150591179E-7;
biomass_500_0(176, 163) = 6.5146736971E-7;
biomass_500_0(177, 163) = 6.315875967E-7;
biomass_500_0(178, 163) = 6.3508586132E-7;
biomass_500_0(179, 163) = 6.3436348419E-7;
biomass_500_0(180, 163) = 6.430774837E-7;
biomass_500_0(181, 163) = 6.8572236135E-7;
biomass_500_0(182, 163) = 7.075399982E-7;
biomass_500_0(183, 163) = 7.5844323982E-7;
biomass_500_0(184, 163) = 8.1795708762E-7;
biomass_500_0(168, 164) = 8.2221179804E-7;
biomass_500_0(169, 164) = 7.6292460177E-7;
biomass_500_0(170, 164) = 7.2733759603E-7;
biomass_500_0(171, 164) = 6.6795149332E-7;
biomass_500_0(172, 164) = 6.10714131E-7;
biomass_500_0(173, 164) = 5.8848541616E-7;
biomass_500_0(174, 164) = 5.3032483487E-7;
biomass_500_0(175, 164) = 5.2783825785E-7;
biomass_500_0(176, 164) = 4.8681537361E-7;
biomass_500_0(177, 164) = 4.9908398511E-7;
biomass_500_0(178, 164) = 5.1864870172E-7;
biomass_500_0(179, 164) = 5.4313195523E-7;
biomass_500_0(180, 164) = 5.7097379651E-7;
biomass_500_0(181, 164) = 5.6623023382E-7;
biomass_500_0(182, 164) = 6.1667331616E-7;
biomass_500_0(183, 164) = 6.6837115989E-7;
biomass_500_0(184, 164) = 7.4623462133E-7;
biomass_500_0(185, 164) = 7.9706834273E-7;
biomass_500_0(186, 164) = 8.1462488797E-7;
biomass_500_0(167, 165) = 8.113581624E-7;
biomass_500_0(168, 165) = 7.3310261175E-7;
biomass_500_0(169, 165) = 6.6684432633E-7;
biomass_500_0(170, 165) = 6.1461085453E-7;
biomass_500_0(171, 165) = 5.5842172188E-7;
biomass_500_0(172, 165) = 5.0383417513E-7;
biomass_500_0(173, 165) = 4.8704290604E-7;
biomass_500_0(174, 165) = 4.5738371061E-7;
biomass_500_0(175, 165) = 4.5110353985E-7;
biomass_500_0(176, 165) = 4.3312757425E-7;
biomass_500_0(177, 165) = 4.2365459943E-7;
biomass_500_0(178, 165) = 4.1971265689E-7;
biomass_500_0(179, 165) = 4.5083531705E-7;
biomass_500_0(180, 165) = 4.7610095034E-7;
biomass_500_0(181, 165) = 4.9207175205E-7;
biomass_500_0(182, 165) = 5.090514094E-7;
biomass_500_0(183, 165) = 5.5044638696E-7;
biomass_500_0(184, 165) = 6.0732535774E-7;
biomass_500_0(185, 165) = 6.868301824E-7;
biomass_500_0(186, 165) = 7.3348360839E-7;
biomass_500_0(187, 165) = 8.2317844046E-7;
biomass_500_0(166, 166) = 8.1077568277E-7;
biomass_500_0(167, 166) = 7.4405272025E-7;
biomass_500_0(168, 166) = 6.6015972613E-7;
biomass_500_0(169, 166) = 5.7214480235E-7;
biomass_500_0(170, 166) = 5.2891753246E-7;
biomass_500_0(171, 166) = 4.7398147695E-7;
biomass_500_0(172, 166) = 4.6247138061E-7;
biomass_500_0(173, 166) = 4.0283402211E-7;
biomass_500_0(174, 166) = 3.6924928617E-7;
biomass_500_0(175, 166) = 3.6538723934E-7;
biomass_500_0(176, 166) = 3.5418697458E-7;
biomass_500_0(177, 166) = 3.5550980858E-7;
biomass_500_0(178, 166) = 3.5647021873E-7;
biomass_500_0(179, 166) = 3.6977915263E-7;
biomass_500_0(180, 166) = 3.8665576896E-7;
biomass_500_0(181, 166) = 3.9644577691E-7;
biomass_500_0(182, 166) = 4.4158957049E-7;
biomass_500_0(183, 166) = 4.779501377E-7;
biomass_500_0(184, 166) = 5.0716509144E-7;
biomass_500_0(185, 166) = 5.8174085127E-7;
biomass_500_0(186, 166) = 6.38084141E-7;
biomass_500_0(187, 166) = 7.3728263598E-7;
biomass_500_0(188, 166) = 8.2326138391E-7;
biomass_500_0(165, 167) = 8.2249936715E-7;
biomass_500_0(166, 167) = 7.0141310613E-7;
biomass_500_0(167, 167) = 6.3050420813E-7;
biomass_500_0(168, 167) = 5.5541299023E-7;
biomass_500_0(169, 167) = 4.9760376419E-7;
biomass_500_0(170, 167) = 4.5128831964E-7;
biomass_500_0(171, 167) = 3.9806885939E-7;
biomass_500_0(172, 167) = 3.5652399568E-7;
biomass_500_0(173, 167) = 3.3087979395E-7;
biomass_500_0(174, 167) = 3.354544402E-7;
biomass_500_0(175, 167) = 3.2041868778E-7;
biomass_500_0(176, 167) = 3.1219864581E-7;
biomass_500_0(177, 167) = 2.9115960038E-7;
biomass_500_0(178, 167) = 3.002367659E-7;
biomass_500_0(179, 167) = 3.0016845971E-7;
biomass_500_0(180, 167) = 3.141230543E-7;
biomass_500_0(181, 167) = 3.2946490166E-7;
biomass_500_0(182, 167) = 3.5733030063E-7;
biomass_500_0(183, 167) = 4.0441771816E-7;
biomass_500_0(184, 167) = 4.333032484E-7;
biomass_500_0(185, 167) = 4.9217631571E-7;
biomass_500_0(186, 167) = 5.6329305811E-7;
biomass_500_0(187, 167) = 6.2479322446E-7;
biomass_500_0(188, 167) = 7.3572217001E-7;
biomass_500_0(189, 167) = 8.4029372766E-7;
biomass_500_0(164, 168) = 8.5784826935E-7;
biomass_500_0(165, 168) = 7.4814128364E-7;
biomass_500_0(166, 168) = 6.5367168281E-7;
biomass_500_0(167, 168) = 5.6402376085E-7;
biomass_500_0(168, 168) = 5.0328050178E-7;
biomass_500_0(169, 168) = 4.4875035473E-7;
biomass_500_0(170, 168) = 3.9514137105E-7;
biomass_500_0(171, 168) = 3.33365979E-7;
biomass_500_0(172, 168) = 3.18761851E-7;
biomass_500_0(173, 168) = 2.7610321968E-7;
biomass_500_0(174, 168) = 2.6508623365E-7;
biomass_500_0(175, 168) = 2.6115060706E-7;
biomass_500_0(176, 168) = 2.7445415989E-7;
biomass_500_0(177, 168) = 2.4961220241E-7;
biomass_500_0(178, 168) = 2.4867525811E-7;
biomass_500_0(179, 168) = 2.643762576E-7;
biomass_500_0(180, 168) = 3.0560794335E-7;
biomass_500_0(181, 168) = 2.7689975556E-7;
biomass_500_0(182, 168) = 3.1081244879E-7;
biomass_500_0(183, 168) = 3.6041465353E-7;
biomass_500_0(184, 168) = 3.7700648843E-7;
biomass_500_0(185, 168) = 4.064081315E-7;
biomass_500_0(186, 168) = 4.8417948251E-7;
biomass_500_0(187, 168) = 5.4620811581E-7;
biomass_500_0(188, 168) = 6.4963674323E-7;
biomass_500_0(189, 168) = 7.319332091E-7;
biomass_500_0(190, 168) = 8.2833229917E-7;
biomass_500_0(164, 169) = 7.5777171322E-7;
biomass_500_0(165, 169) = 6.6333746838E-7;
biomass_500_0(166, 169) = 5.7972836678E-7;
biomass_500_0(167, 169) = 5.1646735676E-7;
biomass_500_0(168, 169) = 4.221747503E-7;
biomass_500_0(169, 169) = 3.8840560662E-7;
biomass_500_0(170, 169) = 3.3621780127E-7;
biomass_500_0(171, 169) = 3.016895693E-7;
biomass_500_0(172, 169) = 2.7338288795E-7;
biomass_500_0(173, 169) = 2.4414284977E-7;
biomass_500_0(174, 169) = 2.3519489125E-7;
biomass_500_0(175, 169) = 2.2864015533E-7;
biomass_500_0(176, 169) = 2.0793003368E-7;
biomass_500_0(177, 169) = 2.3332417803E-7;
biomass_500_0(178, 169) = 2.1682194819E-7;
biomass_500_0(179, 169) = 2.2951650869E-7;
biomass_500_0(180, 169) = 2.5669067644E-7;
biomass_500_0(181, 169) = 2.6185187036E-7;
biomass_500_0(182, 169) = 2.6543375081E-7;
biomass_500_0(183, 169) = 3.0710850605E-7;
biomass_500_0(184, 169) = 3.3460854152E-7;
biomass_500_0(185, 169) = 3.5505911E-7;
biomass_500_0(186, 169) = 4.1557848811E-7;
biomass_500_0(187, 169) = 4.6665311107E-7;
biomass_500_0(188, 169) = 5.7502309865E-7;
biomass_500_0(189, 169) = 6.450726987E-7;
biomass_500_0(190, 169) = 7.7295100838E-7;
biomass_500_0(163, 170) = 8.0421386007E-7;
biomass_500_0(164, 170) = 6.9456736607E-7;
biomass_500_0(165, 170) = 5.9385807931E-7;
biomass_500_0(166, 170) = 5.0953077081E-7;
biomass_500_0(167, 170) = 4.3446188096E-7;
biomass_500_0(168, 170) = 3.8561766103E-7;
biomass_500_0(169, 170) = 3.3354841647E-7;
biomass_500_0(170, 170) = 2.9405588413E-7;
biomass_500_0(171, 170) = 2.5102555022E-7;
biomass_500_0(172, 170) = 2.4163014133E-7;
biomass_500_0(173, 170) = 2.352912708E-7;
biomass_500_0(174, 170) = 2.0324690602E-7;
biomass_500_0(175, 170) = 1.9469781547E-7;
biomass_500_0(176, 170) = 1.9826983902E-7;
biomass_500_0(177, 170) = 1.8815511822E-7;
biomass_500_0(178, 170) = 1.9381854097E-7;
biomass_500_0(179, 170) = 2.0741069962E-7;
biomass_500_0(180, 170) = 2.1422971444E-7;
