biomass_500_0 = sparse(352, 352);
biomass_500_0(172, 162) = 4.8876902469E-7;
biomass_500_0(173, 162) = 4.7899401337E-7;
biomass_500_0(174, 162) = 4.6423469244E-7;
biomass_500_0(175, 162) = 4.3586393582E-7;
biomass_500_0(176, 162) = 4.2202243266E-7;
biomass_500_0(177, 162) = 4.3439478438E-7;
biomass_500_0(178, 162) = 4.3426856087E-7;
biomass_500_0(179, 162) = 4.4408579552E-7;
biomass_500_0(180, 162) = 4.6636233032E-7;
biomass_500_0(181, 162) = 4.857483797E-7;
biomass_500_0(182, 162) = 5.1536941795E-7;
biomass_500_0(170, 163) = 4.7528239886E-7;
biomass_500_0(171, 163) = 4.7238887613E-7;
biomass_500_0(172, 163) = 4.1672022831E-7;
biomass_500_0(173, 163) = 3.9906486722E-7;
biomass_500_0(174, 163) = 3.8059136336E-7;
biomass_500_0(175, 163) = 3.8362899946E-7;
biomass_500_0(176, 163) = 3.6248560144E-7;
biomass_500_0(177, 163) = 3.7316041623E-7;
biomass_500_0(178, 163) = 3.8155403067E-7;
biomass_500_0(179, 163) = 3.9051650208E-7;
biomass_500_0(180, 163) = 3.6727207889E-7;
biomass_500_0(181, 163) = 4.12708046E-7;
biomass_500_0(182, 163) = 4.2750739296E-7;
biomass_500_0(183, 163) = 4.4354345573E-7;
biomass_500_0(184, 163) = 4.7087864249E-7;
biomass_500_0(168, 164) = 4.9699914212E-7;
biomass_500_0(169, 164) = 4.5642779669E-7;
biomass_500_0(170, 164) = 4.2503719598E-7;
biomass_500_0(171, 164) = 3.982374303E-7;
biomass_500_0(172, 164) = 3.6663773589E-7;
biomass_500_0(173, 164) = 3.2606893763E-7;
biomass_500_0(174, 164) = 3.2044966271E-7;
biomass_500_0(175, 164) = 3.214056215E-7;
biomass_500_0(176, 164) = 3.3054699917E-7;
biomass_500_0(177, 164) = 3.0890066433E-7;
biomass_500_0(178, 164) = 3.1257112436E-7;
biomass_500_0(179, 164) = 3.1796467103E-7;
biomass_500_0(180, 164) = 3.2790133847E-7;
biomass_500_0(181, 164) = 3.4567368017E-7;
biomass_500_0(182, 164) = 3.4742417845E-7;
biomass_500_0(183, 164) = 4.0118603918E-7;
biomass_500_0(184, 164) = 4.0655029979E-7;
biomass_500_0(185, 164) = 4.4101375261E-7;
biomass_500_0(186, 164) = 4.8703438597E-7;
biomass_500_0(167, 165) = 4.6435411843E-7;
biomass_500_0(168, 165) = 4.4937237384E-7;
biomass_500_0(169, 165) = 4.0450840929E-7;
biomass_500_0(170, 165) = 3.6833483512E-7;
biomass_500_0(171, 165) = 3.2912798822E-7;
biomass_500_0(172, 165) = 3.1063976908E-7;
biomass_500_0(173, 165) = 2.8674579399E-7;
biomass_500_0(174, 165) = 2.6892385576E-7;
biomass_500_0(175, 165) = 2.6534008705E-7;
biomass_500_0(176, 165) = 2.786786785E-7;
biomass_500_0(177, 165) = 2.5199696826E-7;
biomass_500_0(178, 165) = 2.7341438971E-7;
biomass_500_0(179, 165) = 2.7713016814E-7;
biomass_500_0(180, 165) = 2.8032794156E-7;
biomass_500_0(181, 165) = 2.8451734243E-7;
biomass_500_0(182, 165) = 3.133388532E-7;
biomass_500_0(183, 165) = 3.4802365933E-7;
biomass_500_0(184, 165) = 3.6185078242E-7;
biomass_500_0(185, 165) = 3.9253441462E-7;
biomass_500_0(186, 165) = 4.40240218E-7;
biomass_500_0(187, 165) = 4.5850574542E-7;
biomass_500_0(166, 166) = 4.8110775785E-7;
biomass_500_0(167, 166) = 4.3122679115E-7;
biomass_500_0(168, 166) = 3.9806916944E-7;
biomass_500_0(169, 166) = 3.438123574E-7;
biomass_500_0(170, 166) = 3.1670294305E-7;
biomass_500_0(171, 166) = 2.7858513732E-7;
biomass_500_0(172, 166) = 2.6023505891E-7;
biomass_500_0(173, 166) = 2.4136006496E-7;
biomass_500_0(174, 166) = 2.3928043038E-7;
biomass_500_0(175, 166) = 2.3294698244E-7;
biomass_500_0(176, 166) = 2.2952804521E-7;
biomass_500_0(177, 166) = 2.1457440413E-7;
biomass_500_0(178, 166) = 2.2833136318E-7;
biomass_500_0(179, 166) = 2.2774278679E-7;
biomass_500_0(180, 166) = 2.2769020286E-7;
biomass_500_0(181, 166) = 2.6528276738E-7;
biomass_500_0(182, 166) = 2.6363092401E-7;
biomass_500_0(183, 166) = 2.8800474271E-7;
biomass_500_0(184, 166) = 2.9726031877E-7;
biomass_500_0(185, 166) = 3.3364580752E-7;
biomass_500_0(186, 166) = 3.9739325007E-7;
biomass_500_0(187, 166) = 4.1832591003E-7;
biomass_500_0(188, 166) = 4.5370037322E-7;
biomass_500_0(165, 167) = 4.7638229104E-7;
biomass_500_0(166, 167) = 4.27856009E-7;
biomass_500_0(167, 167) = 3.809640285E-7;
biomass_500_0(168, 167) = 3.33486607E-7;
biomass_500_0(169, 167) = 3.1096750578E-7;
biomass_500_0(170, 167) = 2.7805477203E-7;
biomass_500_0(171, 167) = 2.3939658921E-7;
biomass_500_0(172, 167) = 2.2861152373E-7;
biomass_500_0(173, 167) = 2.1140900112E-7;
biomass_500_0(174, 167) = 2.1018547503E-7;
biomass_500_0(175, 167) = 2.0296878482E-7;
biomass_500_0(176, 167) = 1.962321884E-7;
biomass_500_0(177, 167) = 1.9076310197E-7;
biomass_500_0(178, 167) = 1.9246216682E-7;
biomass_500_0(179, 167) = 1.8978959879E-7;
biomass_500_0(180, 167) = 1.9485852846E-7;
biomass_500_0(181, 167) = 2.1638561381E-7;
biomass_500_0(182, 167) = 2.278474461E-7;
biomass_500_0(183, 167) = 2.5179945546E-7;
biomass_500_0(184, 167) = 2.7493807023E-7;
biomass_500_0(185, 167) = 3.1856413247E-7;
biomass_500_0(186, 167) = 3.3872220923E-7;
biomass_500_0(187, 167) = 3.6353368736E-7;
biomass_500_0(188, 167) = 4.2335609973E-7;
biomass_500_0(189, 167) = 4.7215655434E-7;
biomass_500_0(164, 168) = 4.8220136757E-7;
biomass_500_0(165, 168) = 4.5078963426E-7;
biomass_500_0(166, 168) = 3.7182324242E-7;
biomass_500_0(167, 168) = 3.4021377795E-7;
biomass_500_0(168, 168) = 2.9179676087E-7;
biomass_500_0(169, 168) = 2.6905948022E-7;
biomass_500_0(170, 168) = 2.3603993593E-7;
biomass_500_0(171, 168) = 2.1518873322E-7;
biomass_500_0(172, 168) = 2.0341990069E-7;
biomass_500_0(173, 168) = 1.8253889535E-7;
biomass_500_0(174, 168) = 1.7685029218E-7;
biomass_500_0(175, 168) = 1.6499798195E-7;
biomass_500_0(176, 168) = 1.6620207597E-7;
biomass_500_0(177, 168) = 1.7014478302E-7;
biomass_500_0(178, 168) = 1.6421259284E-7;
biomass_500_0(179, 168) = 1.7026985134E-7;
biomass_500_0(180, 168) = 1.8900462356E-7;
biomass_500_0(181, 168) = 2.1058799758E-7;
biomass_500_0(182, 168) = 2.0786098008E-7;
biomass_500_0(183, 168) = 2.0828818576E-7;
biomass_500_0(184, 168) = 2.3195245248E-7;
biomass_500_0(185, 168) = 2.7858576156E-7;
biomass_500_0(186, 168) = 3.0563809563E-7;
biomass_500_0(187, 168) = 3.3171573587E-7;
biomass_500_0(188, 168) = 3.8383819347E-7;
biomass_500_0(189, 168) = 4.3353739641E-7;
biomass_500_0(190, 168) = 4.6295119094E-7;
biomass_500_0(164, 169) = 4.5134245419E-7;
biomass_500_0(165, 169) = 4.1024754477E-7;
biomass_500_0(166, 169) = 3.31351151E-7;
biomass_500_0(167, 169) = 2.9170743591E-7;
biomass_500_0(168, 169) = 2.5624219321E-7;
biomass_500_0(169, 169) = 2.3100084007E-7;
biomass_500_0(170, 169) = 2.0619275751E-7;
biomass_500_0(171, 169) = 1.8382679149E-7;
biomass_500_0(172, 169) = 1.9519068997E-7;
biomass_500_0(173, 169) = 1.6343849363E-7;
biomass_500_0(174, 169) = 1.6567900349E-7;
biomass_500_0(175, 169) = 1.5571344712E-7;
biomass_500_0(176, 169) = 1.5260605271E-7;
biomass_500_0(177, 169) = 1.4331366199E-7;
biomass_500_0(178, 169) = 1.4148094656E-7;
biomass_500_0(179, 169) = 1.5912095171E-7;
biomass_500_0(180, 169) = 1.6566662851E-7;
biomass_500_0(181, 169) = 1.6445885225E-7;
biomass_500_0(182, 169) = 1.6971982692E-7;
biomass_500_0(183, 169) = 1.9322325021E-7;
biomass_500_0(184, 169) = 2.2228659878E-7;
biomass_500_0(185, 169) = 2.2740997934E-7;
biomass_500_0(186, 169) = 2.5193870052E-7;
biomass_500_0(187, 169) = 2.985609165E-7;
biomass_500_0(188, 169) = 3.5119637096E-7;
biomass_500_0(189, 169) = 4.1570179533E-7;
biomass_500_0(190, 169) = 4.4749276463E-7;
biomass_500_0(163, 170) = 4.8621130356E-7;
biomass_500_0(164, 170) = 4.1862212107E-7;
biomass_500_0(165, 170) = 3.489739341E-7;
biomass_500_0(166, 170) = 3.0839748881E-7;
biomass_500_0(167, 170) = 2.6460159789E-7;
biomass_500_0(168, 170) = 2.4124297519E-7;
biomass_500_0(169, 170) = 1.9978254339E-7;
biomass_500_0(170, 170) = 1.9947952939E-7;
biomass_500_0(171, 170) = 1.641204937E-7;
biomass_500_0(172, 170) = 1.6294907793E-7;
biomass_500_0(173, 170) = 1.4820109652E-7;
biomass_500_0(174, 170) = 1.453224102E-7;
biomass_500_0(175, 170) = 1.3951333658E-7;
biomass_500_0(176, 170) = 1.3992521392E-7;
biomass_500_0(177, 170) = 1.4929253024E-7;
biomass_500_0(178, 170) = 1.3773336613E-7;
biomass_500_0(179, 170) = 1.3796272829E-7;
