biomass_5000_0 = sparse(352, 352);
biomass_5000_0(171, 156) = 1.7435712747E-7;
biomass_5000_0(172, 156) = 1.7207490911E-7;
biomass_5000_0(173, 156) = 1.6977390937E-7;
biomass_5000_0(174, 156) = 1.6836376679E-7;
biomass_5000_0(175, 156) = 1.6670836797E-7;
biomass_5000_0(176, 156) = 1.6615510613E-7;
biomass_5000_0(177, 156) = 1.6693312482E-7;
biomass_5000_0(178, 156) = 1.6694549675E-7;
biomass_5000_0(179, 156) = 1.671388524E-7;
biomass_5000_0(180, 156) = 1.6941819887E-7;
biomass_5000_0(181, 156) = 1.7110055375E-7;
biomass_5000_0(182, 156) = 1.7395365159E-7;
biomass_5000_0(183, 156) = 1.766694993E-7;
biomass_5000_0(168, 157) = 1.6980421668E-7;
biomass_5000_0(169, 157) = 1.6696613816E-7;
biomass_5000_0(170, 157) = 1.5935514383E-7;
biomass_5000_0(171, 157) = 1.5717437229E-7;
biomass_5000_0(172, 157) = 1.5504557373E-7;
biomass_5000_0(173, 157) = 1.5313041548E-7;
biomass_5000_0(174, 157) = 1.5184901047E-7;
biomass_5000_0(175, 157) = 1.512151588E-7;
biomass_5000_0(176, 157) = 1.5095772062E-7;
biomass_5000_0(177, 157) = 1.5064559908E-7;
biomass_5000_0(178, 157) = 1.5084901962E-7;
biomass_5000_0(179, 157) = 1.517105674E-7;
biomass_5000_0(180, 157) = 1.5307320351E-7;
biomass_5000_0(181, 157) = 1.5485140284E-7;
biomass_5000_0(182, 157) = 1.5713712934E-7;
biomass_5000_0(183, 157) = 1.6016474325E-7;
biomass_5000_0(184, 157) = 1.6417679673E-7;
biomass_5000_0(185, 157) = 1.682172374E-7;
biomass_5000_0(186, 157) = 1.7459762715E-7;
biomass_5000_0(166, 158) = 1.7021409731E-7;
biomass_5000_0(167, 158) = 1.5886635165E-7;
biomass_5000_0(168, 158) = 1.5349157055E-7;
biomass_5000_0(169, 158) = 1.5017102661E-7;
biomass_5000_0(170, 158) = 1.4636589227E-7;
biomass_5000_0(171, 158) = 1.4375377138E-7;
biomass_5000_0(172, 158) = 1.4170414112E-7;
biomass_5000_0(173, 158) = 1.4004131143E-7;
biomass_5000_0(174, 158) = 1.3875780836E-7;
biomass_5000_0(175, 158) = 1.38020605E-7;
biomass_5000_0(176, 158) = 1.3761229693E-7;
biomass_5000_0(177, 158) = 1.3773508942E-7;
biomass_5000_0(178, 158) = 1.3816296893E-7;
biomass_5000_0(179, 158) = 1.386576858E-7;
biomass_5000_0(180, 158) = 1.400525227E-7;
biomass_5000_0(181, 158) = 1.4163598074E-7;
biomass_5000_0(182, 158) = 1.4369888668E-7;
biomass_5000_0(183, 158) = 1.4665610199E-7;
biomass_5000_0(184, 158) = 1.4995575911E-7;
biomass_5000_0(185, 158) = 1.5383323026E-7;
biomass_5000_0(186, 158) = 1.5920151695E-7;
biomass_5000_0(187, 158) = 1.6417240355E-7;
biomass_5000_0(188, 158) = 1.7073702606E-7;
biomass_5000_0(165, 159) = 1.6180681523E-7;
biomass_5000_0(166, 159) = 1.534636512E-7;
biomass_5000_0(167, 159) = 1.476966137E-7;
biomass_5000_0(168, 159) = 1.421903283E-7;
biomass_5000_0(169, 159) = 1.3844058324E-7;
biomass_5000_0(170, 159) = 1.3552906078E-7;
biomass_5000_0(171, 159) = 1.330862121E-7;
biomass_5000_0(172, 159) = 1.3104806511E-7;
biomass_5000_0(173, 159) = 1.2950108992E-7;
biomass_5000_0(174, 159) = 1.2831920168E-7;
biomass_5000_0(175, 159) = 1.2740498457E-7;
biomass_5000_0(176, 159) = 1.2706977499E-7;
biomass_5000_0(177, 159) = 1.2700047458E-7;
biomass_5000_0(178, 159) = 1.2737567872E-7;
biomass_5000_0(179, 159) = 1.280230938E-7;
biomass_5000_0(180, 159) = 1.2922084925E-7;
biomass_5000_0(181, 159) = 1.3082637635E-7;
biomass_5000_0(182, 159) = 1.3287605567E-7;
biomass_5000_0(183, 159) = 1.3529236765E-7;
biomass_5000_0(184, 159) = 1.3834791205E-7;
biomass_5000_0(185, 159) = 1.4213684498E-7;
biomass_5000_0(186, 159) = 1.4643613635E-7;
biomass_5000_0(187, 159) = 1.5165176704E-7;
biomass_5000_0(188, 159) = 1.5754735431E-7;
biomass_5000_0(189, 159) = 1.6537575025E-7;
biomass_5000_0(164, 160) = 1.5658167493E-7;
biomass_5000_0(165, 160) = 1.4876608276E-7;
biomass_5000_0(166, 160) = 1.4201381348E-7;
biomass_5000_0(167, 160) = 1.3691875729E-7;
biomass_5000_0(168, 160) = 1.3277523615E-7;
biomass_5000_0(169, 160) = 1.2931117426E-7;
biomass_5000_0(170, 160) = 1.2648581548E-7;
biomass_5000_0(171, 160) = 1.2409824607E-7;
biomass_5000_0(172, 160) = 1.2213687178E-7;
biomass_5000_0(173, 160) = 1.2064707777E-7;
biomass_5000_0(174, 160) = 1.1938245807E-7;
biomass_5000_0(175, 160) = 1.1857141354E-7;
biomass_5000_0(176, 160) = 1.1824679089E-7;
biomass_5000_0(177, 160) = 1.1809809402E-7;
biomass_5000_0(178, 160) = 1.1846258311E-7;
biomass_5000_0(179, 160) = 1.1904838042E-7;
biomass_5000_0(180, 160) = 1.2020088412E-7;
biomass_5000_0(181, 160) = 1.2168334246E-7;
biomass_5000_0(182, 160) = 1.2360233678E-7;
biomass_5000_0(183, 160) = 1.2588554485E-7;
biomass_5000_0(184, 160) = 1.2875061119E-7;
biomass_5000_0(185, 160) = 1.3208082929E-7;
biomass_5000_0(186, 160) = 1.360352349E-7;
biomass_5000_0(187, 160) = 1.4073767008E-7;
biomass_5000_0(188, 160) = 1.4589721093E-7;
biomass_5000_0(189, 160) = 1.5234615443E-7;
biomass_5000_0(190, 160) = 1.6087359512E-7;
biomass_5000_0(162, 161) = 1.6410957028E-7;
biomass_5000_0(163, 161) = 1.5518271715E-7;
biomass_5000_0(164, 161) = 1.4621325649E-7;
biomass_5000_0(165, 161) = 1.391700048E-7;
biomass_5000_0(166, 161) = 1.3304427174E-7;
biomass_5000_0(167, 161) = 1.2865554759E-7;
biomass_5000_0(168, 161) = 1.2482026097E-7;
biomass_5000_0(169, 161) = 1.2153551776E-7;
biomass_5000_0(170, 161) = 1.1887308794E-7;
biomass_5000_0(171, 161) = 1.1658908458E-7;
biomass_5000_0(172, 161) = 1.1471814688E-7;
biomass_5000_0(173, 161) = 1.1331628355E-7;
biomass_5000_0(174, 161) = 1.120697145E-7;
biomass_5000_0(175, 161) = 1.1128099242E-7;
biomass_5000_0(176, 161) = 1.1081426849E-7;
biomass_5000_0(177, 161) = 1.1081806337E-7;
biomass_5000_0(178, 161) = 1.1111824652E-7;
biomass_5000_0(179, 161) = 1.1171153211E-7;
biomass_5000_0(180, 161) = 1.1271503521E-7;
biomass_5000_0(181, 161) = 1.1413108593E-7;
biomass_5000_0(182, 161) = 1.1582024138E-7;
biomass_5000_0(183, 161) = 1.1811444125E-7;
biomass_5000_0(184, 161) = 1.2065548833E-7;
biomass_5000_0(185, 161) = 1.2374620907E-7;
biomass_5000_0(186, 161) = 1.2739494718E-7;
biomass_5000_0(187, 161) = 1.3176906431E-7;
biomass_5000_0(188, 161) = 1.366450987E-7;
biomass_5000_0(189, 161) = 1.422891688E-7;
biomass_5000_0(190, 161) = 1.4891141828E-7;
biomass_5000_0(191, 161) = 1.5740255338E-7;
biomass_5000_0(192, 161) = 1.6933066919E-7;
biomass_5000_0(161, 162) = 1.6724789405E-7;
biomass_5000_0(162, 162) = 1.5441166644E-7;
biomass_5000_0(163, 162) = 1.4436756005E-7;
biomass_5000_0(164, 162) = 1.3694658759E-7;
biomass_5000_0(165, 162) = 1.3093478681E-7;
biomass_5000_0(166, 162) = 1.2601170185E-7;
biomass_5000_0(167, 162) = 1.2172239081E-7;
biomass_5000_0(168, 162) = 1.1801329169E-7;
biomass_5000_0(169, 162) = 1.1502423783E-7;
biomass_5000_0(170, 162) = 1.1236864926E-7;
biomass_5000_0(171, 162) = 1.1020793122E-7;
biomass_5000_0(172, 162) = 1.0854471503E-7;
biomass_5000_0(173, 162) = 1.070033301E-7;
biomass_5000_0(174, 162) = 1.059726855E-7;
biomass_5000_0(175, 162) = 1.0522092006E-7;
biomass_5000_0(176, 162) = 1.0476302899E-7;
biomass_5000_0(177, 162) = 1.0474902274E-7;
biomass_5000_0(178, 162) = 1.0503112991E-7;
biomass_5000_0(179, 162) = 1.0554238286E-7;
biomass_5000_0(180, 162) = 1.0651838261E-7;
biomass_5000_0(181, 162) = 1.0772661147E-7;
biomass_5000_0(182, 162) = 1.0940294293E-7;
biomass_5000_0(183, 162) = 1.1143314927E-7;
biomass_5000_0(184, 162) = 1.1380524268E-7;
biomass_5000_0(185, 162) = 1.1666486676E-7;
biomass_5000_0(186, 162) = 1.2004875269E-7;
biomass_5000_0(187, 162) = 1.2400656857E-7;
biomass_5000_0(188, 162) = 1.2854640076E-7;
biomass_5000_0(189, 162) = 1.337620985E-7;
biomass_5000_0(190, 162) = 1.4011957876E-7;
biomass_5000_0(191, 162) = 1.4739626305E-7;
biomass_5000_0(192, 162) = 1.5693949502E-7;
biomass_5000_0(193, 162) = 1.683976984E-7;
biomass_5000_0(161, 163) = 1.5533512815E-7;
biomass_5000_0(162, 163) = 1.4459410367E-7;
biomass_5000_0(163, 163) = 1.3650437447E-7;
biomass_5000_0(164, 163) = 1.2993224186E-7;
biomass_5000_0(165, 163) = 1.2425368606E-7;
biomass_5000_0(166, 163) = 1.1963218979E-7;
biomass_5000_0(167, 163) = 1.1566104992E-7;
biomass_5000_0(168, 163) = 1.1227713086E-7;
biomass_5000_0(169, 163) = 1.0942949537E-7;
biomass_5000_0(170, 163) = 1.0692826351E-7;
