biomass_5000_0 = sparse(352, 352);
biomass_5000_0(171, 156) = 1.3589708356E-7;
biomass_5000_0(172, 156) = 1.3387456354E-7;
biomass_5000_0(173, 156) = 1.3211631549E-7;
biomass_5000_0(174, 156) = 1.3039300662E-7;
biomass_5000_0(175, 156) = 1.2955225711E-7;
biomass_5000_0(176, 156) = 1.2881833391E-7;
biomass_5000_0(177, 156) = 1.2849459849E-7;
biomass_5000_0(178, 156) = 1.2869633337E-7;
biomass_5000_0(179, 156) = 1.293238999E-7;
biomass_5000_0(180, 156) = 1.3022884493E-7;
biomass_5000_0(181, 156) = 1.3149691349E-7;
biomass_5000_0(182, 156) = 1.3302431438E-7;
biomass_5000_0(183, 156) = 1.3505546677E-7;
biomass_5000_0(168, 157) = 1.3603544848E-7;
biomass_5000_0(169, 157) = 1.3267865334E-7;
biomass_5000_0(170, 157) = 1.2971043799E-7;
biomass_5000_0(171, 157) = 1.2725876375E-7;
biomass_5000_0(172, 157) = 1.2533484381E-7;
biomass_5000_0(173, 157) = 1.236841712E-7;
biomass_5000_0(174, 157) = 1.2230663858E-7;
biomass_5000_0(175, 157) = 1.213688652E-7;
biomass_5000_0(176, 157) = 1.2076986605E-7;
biomass_5000_0(177, 157) = 1.2052383183E-7;
biomass_5000_0(178, 157) = 1.2071023235E-7;
biomass_5000_0(179, 157) = 1.2118095919E-7;
biomass_5000_0(180, 157) = 1.2208567205E-7;
biomass_5000_0(181, 157) = 1.2325920658E-7;
biomass_5000_0(182, 157) = 1.2467942818E-7;
biomass_5000_0(183, 157) = 1.2664366334E-7;
biomass_5000_0(184, 157) = 1.2889529518E-7;
biomass_5000_0(185, 157) = 1.3210063203E-7;
biomass_5000_0(186, 157) = 1.351008668E-7;
biomass_5000_0(166, 158) = 1.362399245E-7;
biomass_5000_0(167, 158) = 1.3178527439E-7;
biomass_5000_0(168, 158) = 1.281037165E-7;
biomass_5000_0(169, 158) = 1.2507984956E-7;
biomass_5000_0(170, 158) = 1.2224882128E-7;
biomass_5000_0(171, 158) = 1.2003255733E-7;
biomass_5000_0(172, 158) = 1.1821467199E-7;
biomass_5000_0(173, 158) = 1.1666271748E-7;
biomass_5000_0(174, 158) = 1.1553717918E-7;
biomass_5000_0(175, 158) = 1.1467410086E-7;
biomass_5000_0(176, 158) = 1.1418865178E-7;
biomass_5000_0(177, 158) = 1.139858796E-7;
biomass_5000_0(178, 158) = 1.1409429054E-7;
biomass_5000_0(179, 158) = 1.1448414803E-7;
biomass_5000_0(180, 158) = 1.1519712107E-7;
biomass_5000_0(181, 158) = 1.1633454747E-7;
biomass_5000_0(182, 158) = 1.1767346883E-7;
biomass_5000_0(183, 158) = 1.195327697E-7;
biomass_5000_0(184, 158) = 1.2165588791E-7;
biomass_5000_0(185, 158) = 1.2413011099E-7;
biomass_5000_0(186, 158) = 1.271084535E-7;
biomass_5000_0(187, 158) = 1.3075689424E-7;
biomass_5000_0(188, 158) = 1.3463347468E-7;
biomass_5000_0(165, 159) = 1.3300466154E-7;
biomass_5000_0(166, 159) = 1.286654842E-7;
biomass_5000_0(167, 159) = 1.2455885344E-7;
biomass_5000_0(168, 159) = 1.2123836106E-7;
biomass_5000_0(169, 159) = 1.1834517313E-7;
biomass_5000_0(170, 159) = 1.1589287328E-7;
biomass_5000_0(171, 159) = 1.1386333872E-7;
biomass_5000_0(172, 159) = 1.1216550012E-7;
biomass_5000_0(173, 159) = 1.108920144E-7;
biomass_5000_0(174, 159) = 1.0985870728E-7;
biomass_5000_0(175, 159) = 1.0914788732E-7;
biomass_5000_0(176, 159) = 1.0861487438E-7;
biomass_5000_0(177, 159) = 1.0845284499E-7;
biomass_5000_0(178, 159) = 1.085415912E-7;
biomass_5000_0(179, 159) = 1.0901320888E-7;
biomass_5000_0(180, 159) = 1.0959977298E-7;
biomass_5000_0(181, 159) = 1.1067402738E-7;
biomass_5000_0(182, 159) = 1.1183699929E-7;
biomass_5000_0(183, 159) = 1.1346707886E-7;
biomass_5000_0(184, 159) = 1.1539116333E-7;
biomass_5000_0(185, 159) = 1.177436448E-7;
biomass_5000_0(186, 159) = 1.2054967028E-7;
biomass_5000_0(187, 159) = 1.2369262472E-7;
biomass_5000_0(188, 159) = 1.2777951619E-7;
biomass_5000_0(189, 159) = 1.3167250869E-7;
biomass_5000_0(164, 160) = 1.3110460943E-7;
biomass_5000_0(165, 160) = 1.2611768559E-7;
biomass_5000_0(166, 160) = 1.2198133079E-7;
biomass_5000_0(167, 160) = 1.1839792976E-7;
biomass_5000_0(168, 160) = 1.1532070853E-7;
biomass_5000_0(169, 160) = 1.1271361866E-7;
biomass_5000_0(170, 160) = 1.1054687034E-7;
biomass_5000_0(171, 160) = 1.0870846596E-7;
biomass_5000_0(172, 160) = 1.0718815371E-7;
biomass_5000_0(173, 160) = 1.0602085941E-7;
biomass_5000_0(174, 160) = 1.0506297374E-7;
biomass_5000_0(175, 160) = 1.0443605099E-7;
biomass_5000_0(176, 160) = 1.0403591484E-7;
biomass_5000_0(177, 160) = 1.0383251612E-7;
biomass_5000_0(178, 160) = 1.0394058507E-7;
biomass_5000_0(179, 160) = 1.0428609964E-7;
biomass_5000_0(180, 160) = 1.0488856024E-7;
biomass_5000_0(181, 160) = 1.0575213194E-7;
biomass_5000_0(182, 160) = 1.0688376686E-7;
biomass_5000_0(183, 160) = 1.0836425875E-7;
biomass_5000_0(184, 160) = 1.1008315272E-7;
biomass_5000_0(185, 160) = 1.122517276E-7;
biomass_5000_0(186, 160) = 1.1481743217E-7;
biomass_5000_0(187, 160) = 1.1775364864E-7;
biomass_5000_0(188, 160) = 1.2109861451E-7;
biomass_5000_0(189, 160) = 1.2510613485E-7;
biomass_5000_0(190, 160) = 1.2972653216E-7;
biomass_5000_0(162, 161) = 1.3569346682E-7;
biomass_5000_0(163, 161) = 1.295830819E-7;
biomass_5000_0(164, 161) = 1.2451297871E-7;
biomass_5000_0(165, 161) = 1.201361849E-7;
biomass_5000_0(166, 161) = 1.1633697314E-7;
biomass_5000_0(167, 161) = 1.1308974102E-7;
biomass_5000_0(168, 161) = 1.1032819896E-7;
biomass_5000_0(169, 161) = 1.0797278229E-7;
biomass_5000_0(170, 161) = 1.0595465079E-7;
biomass_5000_0(171, 161) = 1.043287758E-7;
biomass_5000_0(172, 161) = 1.0297736217E-7;
biomass_5000_0(173, 161) = 1.0190379354E-7;
biomass_5000_0(174, 161) = 1.0108576139E-7;
biomass_5000_0(175, 161) = 1.0049961406E-7;
biomass_5000_0(176, 161) = 1.0016867567E-7;
biomass_5000_0(177, 161) = 1.0000941959E-7;
biomass_5000_0(178, 161) = 1.0010043935E-7;
biomass_5000_0(179, 161) = 1.0040940269E-7;
biomass_5000_0(180, 161) = 1.0093571985E-7;
biomass_5000_0(181, 161) = 1.0173162538E-7;
biomass_5000_0(182, 161) = 1.0278537221E-7;
biomass_5000_0(183, 161) = 1.0401316713E-7;
biomass_5000_0(184, 161) = 1.0563936832E-7;
biomass_5000_0(185, 161) = 1.0757038444E-7;
biomass_5000_0(186, 161) = 1.0993999305E-7;
biomass_5000_0(187, 161) = 1.125697883E-7;
biomass_5000_0(188, 161) = 1.1570771077E-7;
biomass_5000_0(189, 161) = 1.1943597E-7;
biomass_5000_0(190, 161) = 1.2361980423E-7;
biomass_5000_0(191, 161) = 1.2841079275E-7;
biomass_5000_0(192, 161) = 1.3469118679E-7;
biomass_5000_0(161, 162) = 1.360083894E-7;
biomass_5000_0(162, 162) = 1.2942202185E-7;
biomass_5000_0(163, 162) = 1.2377556388E-7;
biomass_5000_0(164, 162) = 1.1906345261E-7;
biomass_5000_0(165, 162) = 1.1506167555E-7;
biomass_5000_0(166, 162) = 1.1150646602E-7;
biomass_5000_0(167, 162) = 1.0859319294E-7;
biomass_5000_0(168, 162) = 1.0603890443E-7;
biomass_5000_0(169, 162) = 1.0387608372E-7;
biomass_5000_0(170, 162) = 1.0207299231E-7;
biomass_5000_0(171, 162) = 1.0065445494E-7;
biomass_5000_0(172, 162) = 9.9439818814E-8;
biomass_5000_0(173, 162) = 9.8494922445E-8;
biomass_5000_0(174, 162) = 9.7784499252E-8;
biomass_5000_0(175, 162) = 9.7324267928E-8;
biomass_5000_0(176, 162) = 9.7068788181E-8;
biomass_5000_0(177, 162) = 9.6845461038E-8;
biomass_5000_0(178, 162) = 9.6935351786E-8;
biomass_5000_0(179, 162) = 9.732077051E-8;
biomass_5000_0(180, 162) = 9.7750345847E-8;
biomass_5000_0(181, 162) = 9.8379616277E-8;
biomass_5000_0(182, 162) = 9.9315396185E-8;
biomass_5000_0(183, 162) = 1.0045875225E-7;
biomass_5000_0(184, 162) = 1.0197595473E-7;
biomass_5000_0(185, 162) = 1.0371100051E-7;
biomass_5000_0(186, 162) = 1.0581093125E-7;
biomass_5000_0(187, 162) = 1.0821417617E-7;
biomass_5000_0(188, 162) = 1.1108914271E-7;
biomass_5000_0(189, 162) = 1.1451228598E-7;
biomass_5000_0(190, 162) = 1.184227462E-7;
biomass_5000_0(191, 162) = 1.230373299E-7;
biomass_5000_0(192, 162) = 1.2805455178E-7;
biomass_5000_0(193, 162) = 1.3437798275E-7;
biomass_5000_0(161, 163) = 1.2998706333E-7;
biomass_5000_0(162, 163) = 1.2395788211E-7;
biomass_5000_0(163, 163) = 1.1869800267E-7;
biomass_5000_0(164, 163) = 1.1434666334E-7;
biomass_5000_0(165, 163) = 1.1064378803E-7;
biomass_5000_0(166, 163) = 1.0741818262E-7;
biomass_5000_0(167, 163) = 1.0472263607E-7;
biomass_5000_0(168, 163) = 1.0247049537E-7;
biomass_5000_0(169, 163) = 1.0047086799E-7;
biomass_5000_0(170, 163) = 9.8919447001E-8;
